,win,loss,continue
return_side|BH|dir=0,0.0,0.14285714285714285,0.8571428571428571
return_side|BH|dir=1,0.07142857142857142,0.14285714285714285,0.7857142857142857
return_side|BH|dir=2,0.02857142857142857,0.08571428571428572,0.8857142857142857
return_side|BH|dir=3,0.02875399361022364,0.12140575079872204,0.8498402555910544
return_side|DROP_SHOT|dir=1,0.17647058823529413,0.17647058823529413,0.6470588235294118
return_side|DROP_SHOT|dir=2,0.5,0.0,0.5
return_side|DROP_SHOT|dir=3,0.21052631578947367,0.3157894736842105,0.47368421052631576
return_side|FH|dir=0,0.0,0.1780821917808219,0.821917808219178
return_side|FH|dir=1,0.02178649237472767,0.17647058823529413,0.8017429193899782
return_side|FH|dir=2,0.047619047619047616,0.11904761904761904,0.8333333333333334
return_side|FH|dir=3,0.020491803278688523,0.14344262295081966,0.8360655737704918
return_side|LOB|dir=1,0.5,0.0,0.5
return_side|LOB|dir=2,0.5,0.0,0.5
return_side|LOB|dir=3,0.3333333333333333,0.0,0.6666666666666666
return_side|OTHER|dir=2,1.0,0.0,0.0
return_side|SERVE|dir=0,0.0,0.0,1.0
return_side|SERVE|dir=4,0.005376344086021506,0.15949820788530467,0.8351254480286738
return_side|SERVE|dir=5,0.01020408163265306,0.14625850340136054,0.8435374149659864
return_side|SERVE|dir=6,0.0,0.14603960396039603,0.8539603960396039
return_side|SLICE|dir=0,0.0,0.0,1.0
return_side|SLICE|dir=1,0.16666666666666666,0.2916666666666667,0.5416666666666666
return_side|SLICE|dir=2,0.1891891891891892,0.16216216216216217,0.6486486486486487
return_side|SLICE|dir=3,0.058823529411764705,0.11764705882352941,0.8235294117647058
return_side|SMASH|dir=1,0.0,0.625,0.375
return_side|SMASH|dir=2,0.14285714285714285,0.0,0.8571428571428571
return_side|SMASH|dir=3,0.0,0.16666666666666666,0.8333333333333334
return_side|VOLLEY|dir=0,0.0,0.0,1.0
return_side|VOLLEY|dir=1,0.1724137931034483,0.20689655172413793,0.6206896551724138
return_side|VOLLEY|dir=2,0.29411764705882354,0.23529411764705882,0.47058823529411764
return_side|VOLLEY|dir=3,0.2413793103448276,0.13793103448275862,0.6206896551724138
serve_side|BH|dir=0,0.05357142857142857,0.10714285714285714,0.8392857142857143
serve_side|BH|dir=1,0.04285714285714286,0.14285714285714285,0.8142857142857143
serve_side|BH|dir=2,0.05675675675675676,0.0891891891891892,0.8540540540540541
serve_side|BH|dir=3,0.03815261044176707,0.10642570281124498,0.8554216867469879
serve_side|BOS|dir=0,0.055594651653764954,0.0,0.944405348346235
serve_side|DROP_SHOT|dir=1,0.14285714285714285,0.2857142857142857,0.5714285714285714
serve_side|DROP_SHOT|dir=2,1.0,0.0,0.0
serve_side|DROP_SHOT|dir=3,0.0,0.36363636363636365,0.6363636363636364
serve_side|FH|dir=0,0.01694915254237288,0.15254237288135594,0.8305084745762712
serve_side|FH|dir=1,0.04148471615720524,0.15283842794759825,0.8056768558951966
serve_side|FH|dir=2,0.04943820224719101,0.13258426966292136,0.8179775280898877
serve_side|FH|dir=3,0.03089887640449438,0.10955056179775281,0.8595505617977528
serve_side|LOB|dir=1,0.5,0.0,0.5
serve_side|LOB|dir=2,0.4411764705882353,0.08823529411764706,0.47058823529411764
serve_side|LOB|dir=3,0.45454545454545453,0.09090909090909091,0.45454545454545453
serve_side|SERVE|dir=0,0.0,0.0,1.0
serve_side|SERVE|dir=4,0.0,0.0,1.0
serve_side|SERVE|dir=5,0.0,0.0,1.0
serve_side|SERVE|dir=6,0.01639344262295082,0.0,0.9836065573770492
serve_side|SLICE|dir=0,0.0,0.0,1.0
serve_side|SLICE|dir=1,0.17073170731707318,0.14634146341463414,0.6829268292682927
serve_side|SLICE|dir=2,0.23809523809523808,0.0761904761904762,0.6857142857142857
serve_side|SLICE|dir=3,0.06363636363636363,0.10909090909090909,0.8272727272727273
serve_side|SMASH|dir=1,0.0,0.3333333333333333,0.6666666666666666
serve_side|SMASH|dir=2,0.0,0.3333333333333333,0.6666666666666666
serve_side|SMASH|dir=3,0.0,0.25,0.75
serve_side|VOLLEY|dir=1,0.13333333333333333,0.26666666666666666,0.6
serve_side|VOLLEY|dir=2,0.14285714285714285,0.42857142857142855,0.42857142857142855
serve_side|VOLLEY|dir=3,0.2222222222222222,0.16666666666666666,0.6111111111111112
