,win,loss,continue
return_side|BH|dir=1,0.03067484662576687,0.147239263803681,0.8220858895705522
return_side|BH|dir=2,0.04326923076923077,0.11057692307692307,0.8461538461538461
return_side|BH|dir=3,0.056338028169014086,0.15492957746478872,0.7887323943661971
return_side|DROP_SHOT|dir=1,0.25,0.125,0.625
return_side|DROP_SHOT|dir=2,0.0,0.5,0.5
return_side|DROP_SHOT|dir=3,0.15789473684210525,0.2631578947368421,0.5789473684210527
return_side|FH|dir=1,0.025094102885821833,0.13048933500627352,0.8444165621079046
return_side|FH|dir=2,0.05343511450381679,0.11068702290076336,0.8358778625954199
return_side|FH|dir=3,0.0225140712945591,0.17636022514071295,0.801125703564728
return_side|LOB|dir=1,0.25,0.5,0.25
return_side|LOB|dir=2,0.16666666666666666,0.0,0.8333333333333334
return_side|LOB|dir=3,0.3333333333333333,0.0,0.6666666666666666
return_side|SERVE|dir=4,0.0196319018404908,0.17791411042944785,0.8024539877300614
return_side|SERVE|dir=5,0.01680672268907563,0.1134453781512605,0.8697478991596639
return_side|SERVE|dir=6,0.0077279752704791345,0.15301391035548687,0.839258114374034
return_side|SLICE|dir=1,0.2692307692307692,0.07692307692307693,0.6538461538461539
return_side|SLICE|dir=2,0.20588235294117646,0.07352941176470588,0.7205882352941176
return_side|SLICE|dir=3,0.14893617021276595,0.0851063829787234,0.7659574468085106
return_side|SMASH|dir=1,0.0,0.2857142857142857,0.7142857142857143
return_side|SMASH|dir=2,0.5,0.0,0.5
return_side|SMASH|dir=3,0.0,0.5,0.5
return_side|VOLLEY|dir=1,0.08108108108108109,0.2702702702702703,0.6486486486486487
return_side|VOLLEY|dir=2,0.3333333333333333,0.2,0.4666666666666667
return_side|VOLLEY|dir=3,0.3448275862068966,0.3103448275862069,0.3448275862068966
serve_side|BH|dir=1,0.07723577235772358,0.18699186991869918,0.7357723577235772
serve_side|BH|dir=2,0.08226691042047532,0.10786106032906764,0.8098720292504571
serve_side|BH|dir=3,0.07882882882882883,0.1463963963963964,0.7747747747747747
serve_side|BOS|dir=0,0.13794796269023074,0.0,0.8620520373097693
serve_side|DROP_SHOT|dir=1,0.0625,0.25,0.6875
serve_side|DROP_SHOT|dir=3,0.25,0.25,0.5
serve_side|FH|dir=1,0.04657179818887452,0.12677878395860284,0.8266494178525227
serve_side|FH|dir=2,0.054502369668246446,0.08056872037914692,0.8649289099526066
serve_side|FH|dir=3,0.03428571428571429,0.21428571428571427,0.7514285714285714
serve_side|LOB|dir=1,0.14285714285714285,0.0,0.8571428571428571
serve_side|LOB|dir=2,0.4090909090909091,0.18181818181818182,0.4090909090909091
serve_side|LOB|dir=3,0.5384615384615384,0.0,0.46153846153846156
serve_side|OTHER|dir=1,1.0,0.0,0.0
serve_side|SERVE|dir=0,0.0,0.0,1.0
serve_side|SERVE|dir=4,0.016216216216216217,0.0,0.9837837837837838
serve_side|SERVE|dir=5,0.0,0.0,1.0
serve_side|SERVE|dir=6,0.038929440389294405,0.0,0.9610705596107056
serve_side|SLICE|dir=1,0.15827338129496402,0.14388489208633093,0.697841726618705
serve_side|SLICE|dir=2,0.20297029702970298,0.039603960396039604,0.7574257425742574
serve_side|SLICE|dir=3,0.21212121212121213,0.1919191919191919,0.5959595959595959
serve_side|SMASH|dir=2,0.0,0.0,1.0
serve_side|SMASH|dir=3,0.0,1.0,0.0
serve_side|VOLLEY|dir=1,0.3333333333333333,0.2222222222222222,0.4444444444444444
serve_side|VOLLEY|dir=2,0.3333333333333333,0.2222222222222222,0.4444444444444444
serve_side|VOLLEY|dir=3,0.4166666666666667,0.3333333333333333,0.25
