,win,loss,continue
return_side|BH|dir=0,0.03773584905660377,0.1509433962264151,0.8113207547169812
return_side|BH|dir=1,0.036597428288822946,0.17309594460929772,0.7903066271018794
return_side|BH|dir=2,0.03946002076843198,0.09553478712357218,0.8650051921079959
return_side|BH|dir=3,0.029684601113172542,0.13098330241187384,0.8393320964749537
return_side|DROP_SHOT|dir=0,1.0,0.0,0.0
return_side|DROP_SHOT|dir=1,0.18292682926829268,0.27439024390243905,0.5426829268292683
return_side|DROP_SHOT|dir=2,0.14814814814814814,0.2222222222222222,0.6296296296296297
return_side|DROP_SHOT|dir=3,0.0948905109489051,0.291970802919708,0.6131386861313869
return_side|FH|dir=0,0.03125,0.21875,0.75
return_side|FH|dir=1,0.02379570516540917,0.18804410911201394,0.788160185722577
return_side|FH|dir=2,0.03454133635334088,0.10532276330690826,0.8601359003397508
return_side|FH|dir=3,0.02857142857142857,0.16600361663652802,0.8054249547920433
return_side|LOB|dir=0,0.5,0.0,0.5
return_side|LOB|dir=1,0.4666666666666667,0.06666666666666667,0.4666666666666667
return_side|LOB|dir=2,0.38333333333333336,0.23333333333333334,0.38333333333333336
return_side|LOB|dir=3,0.3055555555555556,0.25,0.4444444444444444
return_side|OTHER|dir=2,0.0,0.0,1.0
return_side|OTHER|dir=3,0.0,0.0,1.0
return_side|SERVE|dir=0,0.0,0.5,0.5
return_side|SERVE|dir=4,0.012429929320009749,0.18571776748720448,0.8018523031927858
return_side|SERVE|dir=5,0.004555808656036446,0.11104783599088838,0.8843963553530751
return_side|SERVE|dir=6,0.0030883261272390363,0.17974058060531192,0.8171710932674491
return_side|SLICE|dir=0,0.13636363636363635,0.09090909090909091,0.7727272727272727
return_side|SLICE|dir=1,0.11870503597122302,0.1906474820143885,0.6906474820143885
return_side|SLICE|dir=2,0.13043478260869565,0.08695652173913043,0.782608695652174
return_side|SLICE|dir=3,0.11010830324909747,0.11552346570397112,0.7743682310469314
return_side|SMASH|dir=0,0.0,1.0,0.0
return_side|SMASH|dir=1,0.05263157894736842,0.2631578947368421,0.6842105263157895
return_side|SMASH|dir=2,0.14285714285714285,0.42857142857142855,0.42857142857142855
return_side|SMASH|dir=3,0.125,0.4166666666666667,0.4583333333333333
return_side|VOLLEY|dir=0,0.0,0.3333333333333333,0.6666666666666666
return_side|VOLLEY|dir=1,0.2,0.43333333333333335,0.36666666666666664
return_side|VOLLEY|dir=2,0.33695652173913043,0.1956521739130435,0.4673913043478261
return_side|VOLLEY|dir=3,0.2,0.25,0.55
serve_side|BH|dir=0,0.09523809523809523,0.15476190476190477,0.75
serve_side|BH|dir=1,0.07759456838021339,0.14936954413191075,0.7730358874878759
serve_side|BH|dir=2,0.06771653543307087,0.10677165354330709,0.825511811023622
serve_side|BH|dir=3,0.04869186046511628,0.11991279069767442,0.8313953488372093
serve_side|BOS|dir=0,0.1512503766194637,0.00010043185698503566,0.8486491915235512
serve_side|DROP_SHOT|dir=0,0.0,0.25,0.75
serve_side|DROP_SHOT|dir=1,0.12048192771084337,0.25301204819277107,0.6265060240963856
serve_side|DROP_SHOT|dir=2,0.16666666666666666,0.1111111111111111,0.7222222222222222
serve_side|DROP_SHOT|dir=3,0.13157894736842105,0.19736842105263158,0.6710526315789473
serve_side|FH|dir=0,0.11594202898550725,0.10144927536231885,0.782608695652174
serve_side|FH|dir=1,0.04550995530272247,0.1572531491263714,0.7972368955709062
serve_side|FH|dir=2,0.057955363570914326,0.10511159107271419,0.8369330453563715
serve_side|FH|dir=3,0.053975623911781775,0.13000580383052815,0.81601857225769
serve_side|LOB|dir=0,0.6666666666666666,0.16666666666666666,0.16666666666666666
serve_side|LOB|dir=1,0.4642857142857143,0.08928571428571429,0.44642857142857145
serve_side|LOB|dir=2,0.5135135135135135,0.0918918918918919,0.3945945945945946
serve_side|LOB|dir=3,0.4691358024691358,0.08641975308641975,0.4444444444444444
serve_side|OTHER|dir=3,1.0,0.0,0.0
serve_side|SERVE|dir=0,0.5,0.0,0.5
serve_side|SERVE|dir=4,0.03414996288047513,0.0,0.9658500371195249
serve_side|SERVE|dir=5,0.0,0.0,1.0
serve_side|SERVE|dir=6,0.031914893617021274,0.0,0.9680851063829787
serve_side|SLICE|dir=0,0.2564102564102564,0.1282051282051282,0.6153846153846154
serve_side|SLICE|dir=1,0.15352697095435686,0.14730290456431536,0.6991701244813278
serve_side|SLICE|dir=2,0.21555555555555556,0.10814814814814815,0.6762962962962963
serve_side|SLICE|dir=3,0.1343612334801762,0.11563876651982379,0.75
serve_side|SMASH|dir=1,0.125,0.125,0.75
serve_side|SMASH|dir=2,0.0,0.4,0.6
serve_side|SMASH|dir=3,0.0,0.0,1.0
serve_side|VOLLEY|dir=0,0.0,0.5,0.5
serve_side|VOLLEY|dir=1,0.1891891891891892,0.43243243243243246,0.3783783783783784
serve_side|VOLLEY|dir=2,0.47368421052631576,0.21052631578947367,0.3157894736842105
serve_side|VOLLEY|dir=3,0.38461538461538464,0.1794871794871795,0.4358974358974359
