,win,loss,continue
return_side|BH|dir=0,0.0,1.0,0.0
return_side|BH|dir=1,0.04081632653061224,0.14285714285714285,0.8163265306122449
return_side|BH|dir=2,0.05714285714285714,0.13333333333333333,0.8095238095238095
return_side|BH|dir=3,0.041916167664670656,0.09580838323353294,0.8622754491017964
return_side|DROP_SHOT|dir=1,0.3,0.3,0.4
return_side|DROP_SHOT|dir=2,0.0,0.0,1.0
return_side|DROP_SHOT|dir=3,0.20833333333333334,0.20833333333333334,0.5833333333333334
return_side|FH|dir=1,0.02577319587628866,0.14948453608247422,0.8247422680412371
return_side|FH|dir=2,0.06593406593406594,0.15384615384615385,0.7802197802197802
return_side|FH|dir=3,0.025157232704402517,0.16981132075471697,0.8050314465408805
return_side|LOB|dir=2,0.2222222222222222,0.0,0.7777777777777778
return_side|LOB|dir=3,0.0,0.6666666666666666,0.3333333333333333
return_side|OTHER|dir=2,1.0,0.0,0.0
return_side|SERVE|dir=4,0.008264462809917356,0.1487603305785124,0.8429752066115702
return_side|SERVE|dir=5,0.0,0.18604651162790697,0.813953488372093
return_side|SERVE|dir=6,0.005813953488372093,0.13372093023255813,0.8604651162790697
return_side|SLICE|dir=1,0.058823529411764705,0.29411764705882354,0.6470588235294118
return_side|SLICE|dir=2,0.08695652173913043,0.21739130434782608,0.6956521739130435
return_side|SLICE|dir=3,0.0,0.07692307692307693,0.9230769230769231
return_side|SMASH|dir=1,0.25,0.25,0.5
return_side|SMASH|dir=2,0.0,0.0,1.0
return_side|SMASH|dir=3,0.0,0.6666666666666666,0.3333333333333333
return_side|VOLLEY|dir=1,0.2222222222222222,0.3333333333333333,0.4444444444444444
return_side|VOLLEY|dir=2,0.2857142857142857,0.2857142857142857,0.42857142857142855
return_side|VOLLEY|dir=3,0.2857142857142857,0.14285714285714285,0.5714285714285714
serve_side|BH|dir=1,0.07339449541284404,0.1834862385321101,0.7431192660550459
serve_side|BH|dir=2,0.023952095808383235,0.1467065868263473,0.8293413173652695
serve_side|BH|dir=3,0.03208556149732621,0.10962566844919786,0.8582887700534759
serve_side|BOS|dir=0,0.046218487394957986,0.0,0.9537815126050421
serve_side|DROP_SHOT|dir=1,0.25,0.625,0.125
serve_side|DROP_SHOT|dir=2,1.0,0.0,0.0
serve_side|DROP_SHOT|dir=3,0.125,0.5,0.375
serve_side|FH|dir=1,0.00980392156862745,0.20098039215686275,0.7892156862745098
serve_side|FH|dir=2,0.03773584905660377,0.09905660377358491,0.8632075471698113
serve_side|FH|dir=3,0.015384615384615385,0.11282051282051282,0.8717948717948718
serve_side|LOB|dir=1,0.5,0.0,0.5
serve_side|LOB|dir=2,0.2222222222222222,0.2222222222222222,0.5555555555555556
serve_side|LOB|dir=3,0.3333333333333333,0.2222222222222222,0.4444444444444444
serve_side|OTHER|dir=1,0.0,0.0,1.0
serve_side|OTHER|dir=2,0.0,0.0,1.0
serve_side|OTHER|dir=3,0.0,0.0,1.0
serve_side|SERVE|dir=4,0.02040816326530612,0.0,0.9795918367346939
serve_side|SERVE|dir=5,0.0,0.0,1.0
serve_side|SERVE|dir=6,0.008771929824561403,0.0,0.9912280701754386
serve_side|SLICE|dir=1,0.11428571428571428,0.22857142857142856,0.6571428571428571
serve_side|SLICE|dir=2,0.14925373134328357,0.1791044776119403,0.6716417910447762
serve_side|SLICE|dir=3,0.0641025641025641,0.1282051282051282,0.8076923076923077
serve_side|VOLLEY|dir=1,0.2857142857142857,0.2857142857142857,0.42857142857142855
serve_side|VOLLEY|dir=3,0.0,0.6666666666666666,0.3333333333333333
