,win,loss,continue
return_side|BH|dir=0,0.1,0.2,0.7
return_side|BH|dir=1,0.0763888888888889,0.18055555555555555,0.7430555555555556
return_side|BH|dir=2,0.09187279151943463,0.1413427561837456,0.7667844522968198
return_side|BH|dir=3,0.056,0.192,0.752
return_side|DROP_SHOT|dir=0,0.0,1.0,0.0
return_side|DROP_SHOT|dir=1,0.08333333333333333,0.25,0.6666666666666666
return_side|DROP_SHOT|dir=3,0.0,0.3333333333333333,0.6666666666666666
return_side|FH|dir=0,0.01639344262295082,0.18032786885245902,0.8032786885245902
return_side|FH|dir=1,0.045576407506702415,0.22788203753351208,0.7265415549597856
return_side|FH|dir=2,0.051181102362204724,0.17716535433070865,0.7716535433070866
return_side|FH|dir=3,0.022556390977443608,0.23308270676691728,0.7443609022556391
return_side|LOB|dir=0,0.5,0.0,0.5
return_side|LOB|dir=2,1.0,0.0,0.0
return_side|LOB|dir=3,0.6666666666666666,0.0,0.3333333333333333
return_side|SERVE|dir=4,0.04177215189873418,0.1962025316455696,0.7620253164556962
return_side|SERVE|dir=5,0.011086474501108648,0.22394678492239467,0.7649667405764967
return_side|SERVE|dir=6,0.021592442645074223,0.19433198380566802,0.7840755735492577
return_side|SLICE|dir=0,0.0,0.5,0.5
return_side|SLICE|dir=1,0.16666666666666666,0.26666666666666666,0.5666666666666667
return_side|SLICE|dir=2,0.24793388429752067,0.10743801652892562,0.6446280991735537
return_side|SLICE|dir=3,0.10416666666666667,0.21875,0.6770833333333334
return_side|SMASH|dir=0,0.0,0.0,1.0
return_side|SMASH|dir=1,0.0,0.75,0.25
return_side|SMASH|dir=2,0.0,0.0,1.0
return_side|SMASH|dir=3,0.2,0.2,0.6
return_side|VOLLEY|dir=0,0.0,0.0,1.0
return_side|VOLLEY|dir=1,0.25,0.2916666666666667,0.4583333333333333
return_side|VOLLEY|dir=2,0.1875,0.3125,0.5
return_side|VOLLEY|dir=3,0.25,0.3333333333333333,0.4166666666666667
serve_side|BH|dir=0,0.1935483870967742,0.12903225806451613,0.6774193548387096
serve_side|BH|dir=1,0.16541353383458646,0.21052631578947367,0.6240601503759399
serve_side|BH|dir=2,0.12086092715231789,0.16225165562913907,0.7168874172185431
serve_side|BH|dir=3,0.081419624217119,0.2045929018789144,0.7139874739039666
serve_side|BOS|dir=0,0.18017338861666038,0.0,0.8198266113833396
serve_side|DROP_SHOT|dir=0,0.2,0.2,0.6
serve_side|DROP_SHOT|dir=1,0.25,0.0,0.75
serve_side|DROP_SHOT|dir=3,0.125,0.125,0.75
serve_side|FH|dir=0,0.04,0.2,0.76
serve_side|FH|dir=1,0.04985337243401759,0.22287390029325513,0.7272727272727273
serve_side|FH|dir=2,0.0913884007029877,0.17926186291739896,0.7293497363796133
serve_side|FH|dir=3,0.08441558441558442,0.19805194805194806,0.7175324675324676
serve_side|LOB|dir=0,0.5,0.0,0.5
serve_side|LOB|dir=1,0.6363636363636364,0.18181818181818182,0.18181818181818182
serve_side|LOB|dir=2,0.4166666666666667,0.08333333333333333,0.5
serve_side|LOB|dir=3,0.4166666666666667,0.1388888888888889,0.4444444444444444
serve_side|OTHER|dir=2,0.5,0.0,0.5
serve_side|OTHER|dir=3,0.0,0.0,1.0
serve_side|SERVE|dir=0,0.0,0.0,1.0
serve_side|SERVE|dir=4,0.061788617886178863,0.0,0.9382113821138212
serve_side|SERVE|dir=5,0.0,0.0,1.0
serve_side|SERVE|dir=6,0.04602510460251046,0.0,0.9539748953974896
serve_side|SLICE|dir=0,0.0,0.3,0.7
serve_side|SLICE|dir=1,0.23636363636363636,0.12727272727272726,0.6363636363636364
serve_side|SLICE|dir=2,0.28825622775800713,0.10676156583629894,0.604982206405694
serve_side|SLICE|dir=3,0.12138728323699421,0.08670520231213873,0.791907514450867
serve_side|SMASH|dir=1,0.0,0.0,1.0
serve_side|SMASH|dir=2,0.0,0.0,1.0
serve_side|SMASH|dir=3,0.0,0.5,0.5
serve_side|VOLLEY|dir=0,0.0,0.0,1.0
serve_side|VOLLEY|dir=1,0.3333333333333333,0.3333333333333333,0.3333333333333333
serve_side|VOLLEY|dir=2,0.0,0.3333333333333333,0.6666666666666666
serve_side|VOLLEY|dir=3,0.0,0.25,0.75
