,win,loss,continue
return_side|BH|dir=1,0.06593406593406594,0.21978021978021978,0.7142857142857143
return_side|BH|dir=2,0.015625,0.09895833333333333,0.8854166666666666
return_side|BH|dir=3,0.048672566371681415,0.08849557522123894,0.8628318584070797
return_side|DROP_SHOT|dir=1,0.1111111111111111,0.2222222222222222,0.6666666666666666
return_side|DROP_SHOT|dir=3,0.125,0.25,0.625
return_side|FH|dir=1,0.04035874439461883,0.21524663677130046,0.7443946188340808
return_side|FH|dir=2,0.020833333333333332,0.125,0.8541666666666666
return_side|FH|dir=3,0.06666666666666667,0.2,0.7333333333333333
return_side|LOB|dir=1,0.0,0.0,1.0
return_side|LOB|dir=2,0.75,0.0,0.25
return_side|LOB|dir=3,0.5,0.5,0.0
return_side|SERVE|dir=0,0.0,0.0,1.0
return_side|SERVE|dir=4,0.03935185185185185,0.2337962962962963,0.7268518518518519
return_side|SERVE|dir=5,0.008849557522123894,0.1592920353982301,0.831858407079646
return_side|SERVE|dir=6,0.023391812865497075,0.21929824561403508,0.7573099415204678
return_side|SLICE|dir=1,0.13636363636363635,0.22727272727272727,0.6363636363636364
return_side|SLICE|dir=2,0.0425531914893617,0.0425531914893617,0.9148936170212766
return_side|SLICE|dir=3,0.08974358974358974,0.15384615384615385,0.7564102564102564
return_side|SMASH|dir=1,0.0,0.6666666666666666,0.3333333333333333
return_side|SMASH|dir=2,1.0,0.0,0.0
return_side|SMASH|dir=3,0.0,0.0,1.0
return_side|VOLLEY|dir=1,0.2222222222222222,0.2222222222222222,0.5555555555555556
return_side|VOLLEY|dir=2,0.3333333333333333,0.16666666666666666,0.5
return_side|VOLLEY|dir=3,0.1724137931034483,0.13793103448275862,0.6896551724137931
serve_side|BH|dir=1,0.10687022900763359,0.16793893129770993,0.7251908396946565
serve_side|BH|dir=2,0.0871559633027523,0.11009174311926606,0.8027522935779816
serve_side|BH|dir=3,0.05187319884726225,0.13544668587896252,0.8126801152737753
serve_side|BOS|dir=0,0.09138576779026217,0.0,0.9086142322097378
serve_side|DROP_SHOT|dir=1,0.0,0.14285714285714285,0.8571428571428571
serve_side|DROP_SHOT|dir=2,0.0,0.0,1.0
serve_side|DROP_SHOT|dir=3,0.0,0.0,1.0
serve_side|FH|dir=1,0.08088235294117647,0.1948529411764706,0.7242647058823529
serve_side|FH|dir=2,0.08123249299719888,0.1400560224089636,0.7787114845938375
serve_side|FH|dir=3,0.07881773399014778,0.10837438423645321,0.812807881773399
serve_side|LOB|dir=1,0.4,0.0,0.6
serve_side|LOB|dir=2,0.35714285714285715,0.0,0.6428571428571429
serve_side|LOB|dir=3,0.18181818181818182,0.09090909090909091,0.7272727272727273
serve_side|SERVE|dir=4,0.004545454545454545,0.0,0.9954545454545455
serve_side|SERVE|dir=5,0.015873015873015872,0.0,0.9841269841269841
serve_side|SERVE|dir=6,0.006172839506172839,0.0,0.9938271604938271
serve_side|SLICE|dir=1,0.2222222222222222,0.20634920634920634,0.5714285714285714
serve_side|SLICE|dir=2,0.14184397163120568,0.1276595744680851,0.7304964539007093
serve_side|SLICE|dir=3,0.12857142857142856,0.1357142857142857,0.7357142857142858
serve_side|SMASH|dir=1,0.0,0.5,0.5
serve_side|SMASH|dir=3,0.0,0.0,1.0
serve_side|VOLLEY|dir=1,0.35714285714285715,0.21428571428571427,0.42857142857142855
serve_side|VOLLEY|dir=2,1.0,0.0,0.0
serve_side|VOLLEY|dir=3,0.2857142857142857,0.2857142857142857,0.42857142857142855
