,win,loss,continue
return_side|BH|dir=0,0.0,0.12,0.88
return_side|BH|dir=1,0.024193548387096774,0.18010752688172044,0.7956989247311828
return_side|BH|dir=2,0.06624605678233439,0.11908517350157728,0.8146687697160884
return_side|BH|dir=3,0.023847889139542378,0.11956171446986787,0.8565903963905898
return_side|DROP_SHOT|dir=1,0.1956521739130435,0.22826086956521738,0.5760869565217391
return_side|DROP_SHOT|dir=2,0.05263157894736842,0.05263157894736842,0.8947368421052632
return_side|DROP_SHOT|dir=3,0.07368421052631578,0.16842105263157894,0.7578947368421053
return_side|FH|dir=0,0.058823529411764705,0.17647058823529413,0.7647058823529411
return_side|FH|dir=1,0.02892728003214142,0.20369626355966253,0.7673764564081961
return_side|FH|dir=2,0.05023442732752847,0.13864701942397856,0.8111185532484929
return_side|FH|dir=3,0.02130722718111143,0.1569248488338612,0.8217679239850274
return_side|LOB|dir=1,0.625,0.0,0.375
return_side|LOB|dir=2,0.56,0.04,0.4
return_side|LOB|dir=3,0.4444444444444444,0.16666666666666666,0.3888888888888889
return_side|OTHER|dir=1,0.0,1.0,0.0
return_side|OTHER|dir=2,0.5,0.0,0.5
return_side|OTHER|dir=3,0.0,0.0,1.0
return_side|SERVE|dir=4,0.012254901960784314,0.21568627450980393,0.7720588235294118
return_side|SERVE|dir=5,0.012109623964308477,0.16889738687061823,0.8189929891650733
return_side|SERVE|dir=6,0.004794134235758601,0.20445572476029328,0.7907501410039481
return_side|SLICE|dir=0,0.3333333333333333,0.0,0.6666666666666666
return_side|SLICE|dir=1,0.21212121212121213,0.16666666666666666,0.6212121212121212
return_side|SLICE|dir=2,0.2653061224489796,0.1377551020408163,0.5969387755102041
return_side|SLICE|dir=3,0.14985590778097982,0.12103746397694524,0.729106628242075
return_side|SMASH|dir=1,0.0,0.4,0.6
return_side|SMASH|dir=2,0.05454545454545454,0.2,0.7454545454545455
return_side|SMASH|dir=3,0.016129032258064516,0.27419354838709675,0.7096774193548387
return_side|VOLLEY|dir=0,1.0,0.0,0.0
return_side|VOLLEY|dir=1,0.21379310344827587,0.2689655172413793,0.5172413793103449
return_side|VOLLEY|dir=2,0.2839506172839506,0.18518518518518517,0.5308641975308642
return_side|VOLLEY|dir=3,0.21264367816091953,0.25862068965517243,0.5287356321839081
serve_side|BH|dir=0,0.041666666666666664,0.16666666666666666,0.7916666666666666
serve_side|BH|dir=1,0.14218566392479437,0.1891891891891892,0.6686251468860165
serve_side|BH|dir=2,0.11827956989247312,0.13671274961597543,0.7450076804915514
serve_side|BH|dir=3,0.05392567756356524,0.1383067896060352,0.8077675328303996
serve_side|BOS|dir=0,0.12376760563380282,0.00044014084507042255,0.8757922535211268
serve_side|DROP_SHOT|dir=1,0.10526315789473684,0.15789473684210525,0.7368421052631579
serve_side|DROP_SHOT|dir=2,0.375,0.125,0.5
serve_side|DROP_SHOT|dir=3,0.1111111111111111,0.19444444444444445,0.6944444444444444
serve_side|FH|dir=0,0.08695652173913043,0.08695652173913043,0.8260869565217391
serve_side|FH|dir=1,0.08216970998925886,0.19871106337271752,0.7191192266380236
serve_side|FH|dir=2,0.1035492133186974,0.14928649835345773,0.7471642883278449
serve_side|FH|dir=3,0.055530268548020026,0.14474283113336367,0.7997269003186163
serve_side|LOB|dir=1,0.6,0.1,0.3
serve_side|LOB|dir=2,0.6467661691542289,0.06467661691542288,0.2885572139303483
serve_side|LOB|dir=3,0.5283018867924528,0.04716981132075472,0.42452830188679247
serve_side|OTHER|dir=0,0.0,0.0,1.0
serve_side|OTHER|dir=1,0.25,0.25,0.5
serve_side|OTHER|dir=2,1.0,0.0,0.0
serve_side|OTHER|dir=3,0.0,0.6666666666666666,0.3333333333333333
serve_side|SERVE|dir=0,0.0,0.0,1.0
serve_side|SERVE|dir=4,0.019952494061757718,0.0,0.9800475059382423
serve_side|SERVE|dir=5,0.03896103896103896,0.0,0.961038961038961
serve_side|SERVE|dir=6,0.020103092783505156,0.0,0.9798969072164948
serve_side|SLICE|dir=0,0.0,0.0,1.0
serve_side|SLICE|dir=1,0.24899598393574296,0.11244979919678715,0.6385542168674698
serve_side|SLICE|dir=2,0.35397196261682246,0.08761682242990654,0.5584112149532711
serve_side|SLICE|dir=3,0.2161741835147745,0.15396578538102643,0.6298600311041991
serve_side|SMASH|dir=1,0.2,0.4,0.4
serve_side|SMASH|dir=2,0.09090909090909091,0.45454545454545453,0.45454545454545453
serve_side|SMASH|dir=3,0.0,0.5384615384615384,0.46153846153846156
serve_side|VOLLEY|dir=0,0.25,0.0,0.75
serve_side|VOLLEY|dir=1,0.28,0.28,0.44
serve_side|VOLLEY|dir=2,0.3333333333333333,0.13333333333333333,0.5333333333333333
serve_side|VOLLEY|dir=3,0.21818181818181817,0.2545454545454545,0.5272727272727272
