,win,loss,continue
return_side|BH|dir=1,0.031914893617021274,0.15602836879432624,0.8120567375886525
return_side|BH|dir=2,0.043010752688172046,0.11367127496159754,0.8433179723502304
return_side|BH|dir=3,0.024072216649949848,0.10631895687061184,0.8696088264794383
return_side|DROP_SHOT|dir=1,0.16666666666666666,0.24074074074074073,0.5925925925925926
return_side|DROP_SHOT|dir=2,0.4,0.06666666666666667,0.5333333333333333
return_side|DROP_SHOT|dir=3,0.11538461538461539,0.23076923076923078,0.6538461538461539
return_side|FH|dir=1,0.02536997885835095,0.16173361522198731,0.8128964059196617
return_side|FH|dir=2,0.03805496828752643,0.12473572938689217,0.8372093023255814
return_side|FH|dir=3,0.023579849946409433,0.13933547695605572,0.8370846730975349
return_side|LOB|dir=1,0.625,0.0,0.375
return_side|LOB|dir=2,0.6129032258064516,0.06451612903225806,0.3225806451612903
return_side|LOB|dir=3,0.2222222222222222,0.0,0.7777777777777778
return_side|OTHER|dir=0,1.0,0.0,0.0
return_side|OTHER|dir=2,1.0,0.0,0.0
return_side|SERVE|dir=0,0.0,1.0,0.0
return_side|SERVE|dir=4,0.017053206002728513,0.1903137789904502,0.7926330150068213
return_side|SERVE|dir=5,0.0087890625,0.11328125,0.8779296875
return_side|SERVE|dir=6,0.006369426751592357,0.17288444040036396,0.8207461328480437
return_side|SLICE|dir=1,0.08264462809917356,0.19008264462809918,0.7272727272727273
return_side|SLICE|dir=2,0.10454545454545454,0.10909090909090909,0.7863636363636364
return_side|SLICE|dir=3,0.061764705882352944,0.12058823529411765,0.8176470588235294
return_side|SMASH|dir=1,0.0,0.21428571428571427,0.7857142857142857
return_side|SMASH|dir=2,0.041666666666666664,0.2916666666666667,0.6666666666666666
return_side|SMASH|dir=3,0.037037037037037035,0.18518518518518517,0.7777777777777778
return_side|VOLLEY|dir=1,0.15555555555555556,0.3333333333333333,0.5111111111111111
return_side|VOLLEY|dir=2,0.14634146341463414,0.34146341463414637,0.5121951219512195
return_side|VOLLEY|dir=3,0.14583333333333334,0.2708333333333333,0.5833333333333334
serve_side|BH|dir=1,0.05555555555555555,0.17424242424242425,0.7702020202020202
serve_side|BH|dir=2,0.04516129032258064,0.0974910394265233,0.8573476702508961
serve_side|BH|dir=3,0.03651903651903652,0.11033411033411034,0.8531468531468531
serve_side|BOS|dir=0,0.09322033898305085,0.00023540489642184556,0.9065442561205274
serve_side|DROP_SHOT|dir=1,0.24390243902439024,0.2682926829268293,0.4878048780487805
serve_side|DROP_SHOT|dir=2,0.14285714285714285,0.14285714285714285,0.7142857142857143
serve_side|DROP_SHOT|dir=3,0.2,0.3333333333333333,0.4666666666666667
serve_side|FH|dir=1,0.02436738519212746,0.13495782567947517,0.8406747891283973
serve_side|FH|dir=2,0.04489164086687306,0.1021671826625387,0.8529411764705882
serve_side|FH|dir=3,0.0295159386068477,0.13695395513577333,0.833530106257379
serve_side|LOB|dir=1,0.5,0.0,0.5
serve_side|LOB|dir=2,0.4,0.09473684210526316,0.5052631578947369
serve_side|LOB|dir=3,0.4090909090909091,0.022727272727272728,0.5681818181818182
serve_side|OTHER|dir=0,0.0,1.0,0.0
serve_side|OTHER|dir=2,0.0,0.0,1.0
serve_side|SERVE|dir=0,0.0,0.0,1.0
serve_side|SERVE|dir=4,0.006779661016949152,0.0,0.9932203389830508
serve_side|SERVE|dir=5,0.0,0.0,1.0
serve_side|SERVE|dir=6,0.002638522427440633,0.0,0.9973614775725593
serve_side|SLICE|dir=1,0.15566037735849056,0.14622641509433962,0.6981132075471698
serve_side|SLICE|dir=2,0.13629842180774748,0.09612625538020086,0.7675753228120517
serve_side|SLICE|dir=3,0.08084358523725835,0.10896309314586995,0.8101933216168717
serve_side|SMASH|dir=1,0.0,0.2,0.8
serve_side|SMASH|dir=2,0.0,0.2,0.8
serve_side|SMASH|dir=3,0.0,0.2857142857142857,0.7142857142857143
serve_side|VOLLEY|dir=1,0.18181818181818182,0.36363636363636365,0.45454545454545453
serve_side|VOLLEY|dir=2,0.5454545454545454,0.18181818181818182,0.2727272727272727
serve_side|VOLLEY|dir=3,0.3333333333333333,0.2222222222222222,0.4444444444444444
