,win,loss,continue
return_side|BH|dir=0,0.08571428571428572,0.22857142857142856,0.6857142857142857
return_side|BH|dir=1,0.07252298263534218,0.20531154239019409,0.7221654749744637
return_side|BH|dir=2,0.06630109670987039,0.13060817547357925,0.8030907278165503
return_side|BH|dir=3,0.04048355355636773,0.14394152375597413,0.8155749226876582
return_side|DROP_SHOT|dir=0,0.0,1.0,0.0
return_side|DROP_SHOT|dir=1,0.27007299270072993,0.1897810218978102,0.5401459854014599
return_side|DROP_SHOT|dir=2,0.35,0.25,0.4
return_side|DROP_SHOT|dir=3,0.18620689655172415,0.1724137931034483,0.6413793103448275
return_side|FH|dir=0,0.06818181818181818,0.1590909090909091,0.7727272727272727
return_side|FH|dir=1,0.05065123010130246,0.2150506512301013,0.7342981186685963
return_side|FH|dir=2,0.08144578313253012,0.14361445783132532,0.7749397590361445
return_side|FH|dir=3,0.03980929678188319,0.17067938021454113,0.7895113230035757
return_side|LOB|dir=0,0.5,0.0,0.5
return_side|LOB|dir=1,0.35,0.05,0.6
return_side|LOB|dir=2,0.4659090909090909,0.10227272727272728,0.4318181818181818
return_side|LOB|dir=3,0.35714285714285715,0.2619047619047619,0.38095238095238093
return_side|OTHER|dir=1,1.0,0.0,0.0
return_side|OTHER|dir=2,0.8,0.2,0.0
return_side|OTHER|dir=3,0.5,0.25,0.25
return_side|SERVE|dir=0,0.0,0.0,1.0
return_side|SERVE|dir=4,0.017123287671232876,0.20017123287671232,0.7827054794520548
return_side|SERVE|dir=5,0.01859278162595698,0.18045935107546482,0.8009478672985783
return_side|SERVE|dir=6,0.014404190309908338,0.18747271933653425,0.7981230903535574
return_side|SLICE|dir=0,0.18181818181818182,0.09090909090909091,0.7272727272727273
return_side|SLICE|dir=1,0.29457364341085274,0.13953488372093023,0.5658914728682171
return_side|SLICE|dir=2,0.2841880341880342,0.12606837606837606,0.5897435897435898
return_side|SLICE|dir=3,0.14497041420118342,0.14053254437869822,0.7144970414201184
return_side|SMASH|dir=1,0.06976744186046512,0.32558139534883723,0.6046511627906976
return_side|SMASH|dir=2,0.02564102564102564,0.1794871794871795,0.7948717948717948
return_side|SMASH|dir=3,0.0547945205479452,0.3424657534246575,0.6027397260273972
return_side|VOLLEY|dir=0,0.0,0.3333333333333333,0.6666666666666666
return_side|VOLLEY|dir=1,0.20915032679738563,0.3627450980392157,0.42810457516339867
return_side|VOLLEY|dir=2,0.3068181818181818,0.20454545454545456,0.48863636363636365
return_side|VOLLEY|dir=3,0.20284697508896798,0.2775800711743772,0.5195729537366548
serve_side|BH|dir=0,0.08620689655172414,0.22413793103448276,0.6896551724137931
serve_side|BH|dir=1,0.10997643362136685,0.1838177533385703,0.7062058130400628
serve_side|BH|dir=2,0.11329588014981273,0.12804307116104868,0.7586610486891385
serve_side|BH|dir=3,0.06677692784783958,0.13686169113086624,0.7963613810212942
serve_side|BOS|dir=0,0.08563396525625315,0.0007208246233691343,0.9136452101203777
serve_side|DROP_SHOT|dir=1,0.23943661971830985,0.2676056338028169,0.49295774647887325
serve_side|DROP_SHOT|dir=2,0.0,0.0,1.0
serve_side|DROP_SHOT|dir=3,0.125,0.25,0.625
serve_side|FH|dir=0,0.1875,0.1875,0.625
serve_side|FH|dir=1,0.07974055703929797,0.20984357115604732,0.7104158718046547
serve_side|FH|dir=2,0.1000301295570955,0.13528171135884304,0.7646881590840615
serve_side|FH|dir=3,0.05297010972379872,0.170261066969353,0.7767688233068483
serve_side|LOB|dir=0,0.0,0.0,1.0
serve_side|LOB|dir=1,0.4716981132075472,0.11320754716981132,0.41509433962264153
serve_side|LOB|dir=2,0.44155844155844154,0.16883116883116883,0.38961038961038963
serve_side|LOB|dir=3,0.3391304347826087,0.17391304347826086,0.48695652173913045
serve_side|OTHER|dir=2,0.6,0.0,0.4
serve_side|SERVE|dir=0,0.0,0.0,1.0
serve_side|SERVE|dir=4,0.020805065581184983,0.0,0.979194934418815
serve_side|SERVE|dir=5,0.015647226173541962,0.0,0.984352773826458
serve_side|SERVE|dir=6,0.03062869425040301,0.0,0.969371305749597
serve_side|SLICE|dir=0,0.36363636363636365,0.18181818181818182,0.45454545454545453
serve_side|SLICE|dir=1,0.3099273607748184,0.16464891041162227,0.5254237288135594
serve_side|SLICE|dir=2,0.3069679849340866,0.12052730696798493,0.5725047080979284
serve_side|SLICE|dir=3,0.16683022571148184,0.1324828263002944,0.7006869479882237
serve_side|SMASH|dir=0,0.0,0.0,1.0
serve_side|SMASH|dir=1,0.25,0.5,0.25
serve_side|SMASH|dir=2,0.3125,0.375,0.3125
serve_side|SMASH|dir=3,0.0625,0.34375,0.59375
serve_side|VOLLEY|dir=0,0.0,0.0,1.0
serve_side|VOLLEY|dir=1,0.27722772277227725,0.25742574257425743,0.46534653465346537
serve_side|VOLLEY|dir=2,0.38461538461538464,0.18461538461538463,0.4307692307692308
serve_side|VOLLEY|dir=3,0.24778761061946902,0.3008849557522124,0.45132743362831856
