,win,loss,continue
return_side|BH|dir=1,0.0,0.22058823529411764,0.7794117647058824
return_side|BH|dir=2,0.034653465346534656,0.13366336633663367,0.8316831683168316
return_side|BH|dir=3,0.04219409282700422,0.1518987341772152,0.8059071729957806
return_side|DROP_SHOT|dir=1,0.25,0.25,0.5
return_side|DROP_SHOT|dir=3,0.1111111111111111,0.2222222222222222,0.6666666666666666
return_side|FH|dir=1,0.019027484143763214,0.21987315010570824,0.7610993657505285
return_side|FH|dir=2,0.03535353535353535,0.16666666666666666,0.797979797979798
return_side|FH|dir=3,0.024324324324324326,0.21081081081081082,0.7648648648648648
return_side|LOB|dir=1,0.25,0.25,0.5
return_side|LOB|dir=2,0.75,0.0,0.25
return_side|LOB|dir=3,0.16666666666666666,0.16666666666666666,0.6666666666666666
return_side|OTHER|dir=1,0.0,0.0,1.0
return_side|SERVE|dir=4,0.022429906542056073,0.23925233644859814,0.7383177570093458
return_side|SERVE|dir=5,0.015432098765432098,0.16049382716049382,0.8240740740740741
return_side|SERVE|dir=6,0.01616161616161616,0.23434343434343435,0.7494949494949495
return_side|SLICE|dir=1,0.029411764705882353,0.11764705882352941,0.8529411764705882
return_side|SLICE|dir=2,0.13846153846153847,0.09230769230769231,0.7692307692307693
return_side|SLICE|dir=3,0.06862745098039216,0.10784313725490197,0.8235294117647058
return_side|SMASH|dir=1,0.14285714285714285,0.14285714285714285,0.7142857142857143
return_side|SMASH|dir=2,0.0,0.0,1.0
return_side|SMASH|dir=3,0.0,0.0,1.0
return_side|VOLLEY|dir=1,0.2903225806451613,0.5161290322580645,0.1935483870967742
return_side|VOLLEY|dir=2,0.125,0.1875,0.6875
return_side|VOLLEY|dir=3,0.20588235294117646,0.23529411764705882,0.5588235294117647
serve_side|BH|dir=1,0.04310344827586207,0.15517241379310345,0.8017241379310345
serve_side|BH|dir=2,0.07045454545454545,0.13636363636363635,0.7931818181818182
serve_side|BH|dir=3,0.05084745762711865,0.15254237288135594,0.7966101694915254
serve_side|BOS|dir=0,0.12092731829573934,0.016917293233082706,0.8621553884711779
serve_side|DROP_SHOT|dir=1,0.0,0.4,0.6
serve_side|DROP_SHOT|dir=2,1.0,0.0,0.0
serve_side|DROP_SHOT|dir=3,0.0,0.25,0.75
serve_side|FH|dir=1,0.030364372469635626,0.19635627530364372,0.7732793522267206
serve_side|FH|dir=2,0.06323185011709602,0.14754098360655737,0.7892271662763466
serve_side|FH|dir=3,0.04590163934426229,0.15081967213114755,0.8032786885245902
serve_side|LOB|dir=1,0.25,0.1875,0.5625
serve_side|LOB|dir=2,0.4166666666666667,0.1388888888888889,0.4444444444444444
serve_side|LOB|dir=3,0.4375,0.125,0.4375
serve_side|OTHER|dir=0,0.0,0.0,1.0
serve_side|OTHER|dir=1,0.0,0.0,1.0
serve_side|OTHER|dir=2,0.0,0.0,1.0
serve_side|SERVE|dir=4,0.011538461538461539,0.0,0.9884615384615385
serve_side|SERVE|dir=5,0.0,0.0,1.0
serve_side|SERVE|dir=6,0.012422360248447204,0.0,0.9875776397515528
serve_side|SLICE|dir=1,0.20634920634920634,0.047619047619047616,0.746031746031746
serve_side|SLICE|dir=2,0.17197452229299362,0.08280254777070063,0.7452229299363057
serve_side|SLICE|dir=3,0.09714285714285714,0.12571428571428572,0.7771428571428571
serve_side|SMASH|dir=1,0.0,1.0,0.0
serve_side|SMASH|dir=2,0.0,1.0,0.0
serve_side|SMASH|dir=3,0.0,0.0,1.0
serve_side|VOLLEY|dir=1,0.09090909090909091,0.2727272727272727,0.6363636363636364
serve_side|VOLLEY|dir=2,0.2727272727272727,0.18181818181818182,0.5454545454545454
serve_side|VOLLEY|dir=3,0.1,0.5,0.4
