,win,loss,continue
return_side|BH|dir=1,0.03,0.15,0.82
return_side|BH|dir=2,0.06481481481481481,0.05555555555555555,0.8796296296296297
return_side|BH|dir=3,0.05825242718446602,0.18446601941747573,0.7572815533980582
return_side|DROP_SHOT|dir=1,0.09523809523809523,0.23809523809523808,0.6666666666666666
return_side|DROP_SHOT|dir=2,0.0,0.0,1.0
return_side|DROP_SHOT|dir=3,0.3333333333333333,0.2,0.4666666666666667
return_side|FH|dir=1,0.05416666666666667,0.16666666666666666,0.7791666666666667
return_side|FH|dir=2,0.06206896551724138,0.14482758620689656,0.7931034482758621
return_side|FH|dir=3,0.03829787234042553,0.15319148936170213,0.8085106382978723
return_side|LOB|dir=1,0.75,0.0,0.25
return_side|LOB|dir=2,0.4,0.0,0.6
return_side|LOB|dir=3,0.3333333333333333,0.0,0.6666666666666666
return_side|SERVE|dir=4,0.022082018927444796,0.17981072555205047,0.7981072555205048
return_side|SERVE|dir=5,0.022058823529411766,0.17647058823529413,0.8014705882352942
return_side|SERVE|dir=6,0.004149377593360996,0.22406639004149378,0.7717842323651453
return_side|SLICE|dir=0,0.0,0.0,1.0
return_side|SLICE|dir=1,0.0425531914893617,0.1276595744680851,0.8297872340425532
return_side|SLICE|dir=2,0.17142857142857143,0.08571428571428572,0.7428571428571429
return_side|SLICE|dir=3,0.1111111111111111,0.1111111111111111,0.7777777777777778
return_side|SMASH|dir=2,0.0,1.0,0.0
return_side|SMASH|dir=3,0.0,0.6666666666666666,0.3333333333333333
return_side|VOLLEY|dir=1,0.5,0.3333333333333333,0.16666666666666666
return_side|VOLLEY|dir=2,0.25,0.25,0.5
return_side|VOLLEY|dir=3,0.23076923076923078,0.38461538461538464,0.38461538461538464
serve_side|BH|dir=1,0.09497206703910614,0.15083798882681565,0.7541899441340782
serve_side|BH|dir=2,0.09146341463414634,0.13414634146341464,0.774390243902439
serve_side|BH|dir=3,0.0472972972972973,0.14189189189189189,0.8108108108108109
serve_side|BOS|dir=0,0.05119047619047619,0.0,0.9488095238095238
serve_side|DROP_SHOT|dir=1,0.375,0.125,0.5
serve_side|DROP_SHOT|dir=2,0.0,0.0,1.0
serve_side|DROP_SHOT|dir=3,0.0625,0.3125,0.625
serve_side|FH|dir=0,0.0,0.0,1.0
serve_side|FH|dir=1,0.06349206349206349,0.164021164021164,0.7724867724867724
serve_side|FH|dir=2,0.06976744186046512,0.12403100775193798,0.8062015503875969
serve_side|FH|dir=3,0.035897435897435895,0.18974358974358974,0.7743589743589744
serve_side|LOB|dir=1,0.0,0.25,0.75
serve_side|LOB|dir=2,0.46153846153846156,0.0,0.5384615384615384
serve_side|LOB|dir=3,0.5555555555555556,0.0,0.4444444444444444
serve_side|OTHER|dir=0,1.0,0.0,0.0
serve_side|SERVE|dir=4,0.019736842105263157,0.0,0.9802631578947368
serve_side|SERVE|dir=5,0.0,0.0,1.0
serve_side|SERVE|dir=6,0.0,0.0,1.0
serve_side|SLICE|dir=1,0.10101010101010101,0.13131313131313133,0.7676767676767676
serve_side|SLICE|dir=2,0.15625,0.1328125,0.7109375
serve_side|SLICE|dir=3,0.10810810810810811,0.08108108108108109,0.8108108108108109
serve_side|SMASH|dir=3,0.0,0.0,1.0
serve_side|VOLLEY|dir=1,0.16666666666666666,0.3333333333333333,0.5
serve_side|VOLLEY|dir=2,0.6,0.0,0.4
serve_side|VOLLEY|dir=3,0.2,0.3,0.5
