,win,loss,continue
return_side|BH|dir=1,0.04375,0.14375,0.8125
return_side|BH|dir=2,0.01867219917012448,0.09336099585062241,0.8879668049792531
return_side|BH|dir=3,0.022488755622188907,0.08395802098950525,0.8935532233883059
return_side|DROP_SHOT|dir=1,0.11538461538461539,0.19230769230769232,0.6923076923076923
return_side|DROP_SHOT|dir=2,0.3333333333333333,0.0,0.6666666666666666
return_side|DROP_SHOT|dir=3,0.13793103448275862,0.1724137931034483,0.6896551724137931
return_side|FH|dir=0,0.0,1.0,0.0
return_side|FH|dir=1,0.045207956600361664,0.189873417721519,0.7649186256781193
return_side|FH|dir=2,0.03625377643504532,0.1027190332326284,0.8610271903323263
return_side|FH|dir=3,0.03773584905660377,0.15566037735849056,0.8066037735849056
return_side|LOB|dir=1,0.0,0.0,1.0
return_side|LOB|dir=2,0.38461538461538464,0.07692307692307693,0.5384615384615384
return_side|LOB|dir=3,0.42857142857142855,0.14285714285714285,0.42857142857142855
return_side|OTHER|dir=1,0.0,0.0,1.0
return_side|OTHER|dir=2,1.0,0.0,0.0
return_side|SERVE|dir=0,0.0,0.0,1.0
return_side|SERVE|dir=4,0.034129692832764506,0.2167235494880546,0.7491467576791809
return_side|SERVE|dir=5,0.009363295880149813,0.1441947565543071,0.846441947565543
return_side|SERVE|dir=6,0.011235955056179775,0.21508828250401285,0.7736757624398074
return_side|SLICE|dir=1,0.1111111111111111,0.2,0.6888888888888889
return_side|SLICE|dir=2,0.09022556390977443,0.07518796992481203,0.8345864661654135
return_side|SLICE|dir=3,0.0392156862745098,0.09803921568627451,0.8627450980392157
return_side|SMASH|dir=1,0.0,1.0,0.0
return_side|SMASH|dir=2,0.0,0.16666666666666666,0.8333333333333334
return_side|SMASH|dir=3,0.0,0.3,0.7
return_side|VOLLEY|dir=1,0.1875,0.25,0.5625
return_side|VOLLEY|dir=2,0.6,0.0,0.4
return_side|VOLLEY|dir=3,0.0,0.4375,0.5625
serve_side|BH|dir=1,0.04460966542750929,0.21189591078066913,0.7434944237918215
serve_side|BH|dir=2,0.04423076923076923,0.08461538461538462,0.8711538461538462
serve_side|BH|dir=3,0.028627838104639685,0.09575518262586377,0.8756169792694966
serve_side|BOS|dir=0,0.03941605839416058,0.0,0.9605839416058394
serve_side|DROP_SHOT|dir=1,0.25,0.25,0.5
serve_side|DROP_SHOT|dir=2,1.0,0.0,0.0
serve_side|DROP_SHOT|dir=3,0.09090909090909091,0.3181818181818182,0.5909090909090909
serve_side|FH|dir=1,0.04227405247813411,0.16909620991253643,0.7886297376093294
serve_side|FH|dir=2,0.0399002493765586,0.09600997506234414,0.8640897755610972
serve_side|FH|dir=3,0.037037037037037035,0.06481481481481481,0.8981481481481481
serve_side|LOB|dir=1,0.5714285714285714,0.14285714285714285,0.2857142857142857
serve_side|LOB|dir=2,0.27586206896551724,0.10344827586206896,0.6206896551724138
serve_side|LOB|dir=3,0.4375,0.0625,0.5
serve_side|OTHER|dir=3,0.0,0.0,1.0
serve_side|SERVE|dir=4,0.00558659217877095,0.0,0.994413407821229
serve_side|SERVE|dir=5,0.012195121951219513,0.0,0.9878048780487805
serve_side|SERVE|dir=6,0.006688963210702341,0.0,0.9933110367892977
serve_side|SLICE|dir=1,0.08080808080808081,0.16161616161616163,0.7575757575757576
serve_side|SLICE|dir=2,0.10483870967741936,0.08333333333333333,0.8118279569892473
serve_side|SLICE|dir=3,0.08163265306122448,0.07346938775510205,0.8448979591836735
serve_side|SMASH|dir=1,0.0,0.2857142857142857,0.7142857142857143
serve_side|SMASH|dir=2,0.2,0.6,0.2
serve_side|SMASH|dir=3,0.0,0.4,0.6
serve_side|VOLLEY|dir=1,0.16666666666666666,0.16666666666666666,0.6666666666666666
serve_side|VOLLEY|dir=2,0.25,0.0,0.75
serve_side|VOLLEY|dir=3,0.3076923076923077,0.0,0.6923076923076923
