,win,loss,continue
return_side|BH|dir=1,0.03125,0.20982142857142858,0.7589285714285714
return_side|BH|dir=2,0.05172413793103448,0.13448275862068965,0.8137931034482758
return_side|BH|dir=3,0.03302752293577982,0.15045871559633028,0.8165137614678899
return_side|DROP_SHOT|dir=1,0.2727272727272727,0.36363636363636365,0.36363636363636365
return_side|DROP_SHOT|dir=2,0.0,0.3333333333333333,0.6666666666666666
return_side|DROP_SHOT|dir=3,0.23076923076923078,0.3076923076923077,0.46153846153846156
return_side|FH|dir=1,0.0450281425891182,0.19324577861163228,0.7617260787992496
return_side|FH|dir=2,0.043596730245231606,0.1307901907356948,0.8256130790190735
return_side|FH|dir=3,0.03479576399394856,0.17397881996974282,0.7912254160363086
return_side|LOB|dir=1,1.0,0.0,0.0
return_side|LOB|dir=2,0.6,0.2,0.2
return_side|LOB|dir=3,0.5,0.3333333333333333,0.16666666666666666
return_side|OTHER|dir=0,0.0,0.0,1.0
return_side|OTHER|dir=2,1.0,0.0,0.0
return_side|SERVE|dir=0,0.0,0.0,1.0
return_side|SERVE|dir=4,0.016304347826086956,0.20652173913043478,0.7771739130434783
return_side|SERVE|dir=5,0.02292768959435626,0.14814814814814814,0.8289241622574955
return_side|SERVE|dir=6,0.009575923392612859,0.17099863201094392,0.8194254445964432
return_side|SLICE|dir=1,0.16363636363636364,0.2,0.6363636363636364
return_side|SLICE|dir=2,0.171875,0.1796875,0.6484375
return_side|SLICE|dir=3,0.11029411764705882,0.11764705882352941,0.7720588235294118
return_side|SMASH|dir=1,0.2,0.2,0.6
return_side|SMASH|dir=2,0.0,0.2857142857142857,0.7142857142857143
return_side|SMASH|dir=3,0.0,0.75,0.25
return_side|VOLLEY|dir=1,0.19230769230769232,0.5769230769230769,0.23076923076923078
return_side|VOLLEY|dir=2,0.38461538461538464,0.15384615384615385,0.46153846153846156
return_side|VOLLEY|dir=3,0.16,0.4,0.44
serve_side|BH|dir=1,0.05504587155963303,0.1529051987767584,0.7920489296636085
serve_side|BH|dir=2,0.06303724928366762,0.11461318051575932,0.8223495702005731
serve_side|BH|dir=3,0.03800786369593709,0.14809960681520315,0.8138925294888598
serve_side|BOS|dir=0,0.078531796841656,0.0,0.921468203158344
serve_side|DROP_SHOT|dir=1,0.18181818181818182,0.18181818181818182,0.6363636363636364
serve_side|DROP_SHOT|dir=2,0.0,0.0,1.0
serve_side|DROP_SHOT|dir=3,0.047619047619047616,0.3333333333333333,0.6190476190476191
serve_side|FH|dir=1,0.048859934853420196,0.1791530944625407,0.7719869706840391
serve_side|FH|dir=2,0.06973293768545995,0.13501483679525222,0.7952522255192879
serve_side|FH|dir=3,0.02666666666666667,0.14333333333333334,0.83
serve_side|LOB|dir=1,0.4444444444444444,0.05555555555555555,0.5
serve_side|LOB|dir=2,0.6428571428571429,0.023809523809523808,0.3333333333333333
serve_side|LOB|dir=3,0.4090909090909091,0.22727272727272727,0.36363636363636365
serve_side|OTHER|dir=2,0.0,0.0,1.0
serve_side|OTHER|dir=3,0.0,0.0,1.0
serve_side|SERVE|dir=4,0.012145748987854251,0.0,0.9878542510121457
serve_side|SERVE|dir=5,0.0,0.0,1.0
serve_side|SERVE|dir=6,0.009237875288683603,0.0,0.9907621247113164
serve_side|SLICE|dir=1,0.21487603305785125,0.09917355371900827,0.6859504132231405
serve_side|SLICE|dir=2,0.15,0.10882352941176471,0.7411764705882353
serve_side|SLICE|dir=3,0.14666666666666667,0.11555555555555555,0.7377777777777778
serve_side|SMASH|dir=1,0.0,1.0,0.0
serve_side|SMASH|dir=2,0.0,1.0,0.0
serve_side|SMASH|dir=3,0.0,0.3333333333333333,0.6666666666666666
serve_side|VOLLEY|dir=1,0.38461538461538464,0.3076923076923077,0.3076923076923077
serve_side|VOLLEY|dir=2,0.45454545454545453,0.0,0.5454545454545454
serve_side|VOLLEY|dir=3,0.3076923076923077,0.3076923076923077,0.38461538461538464
