,win,loss,continue
return_side|BH|dir=1,0.05660377358490566,0.3490566037735849,0.5943396226415094
return_side|BH|dir=2,0.07190635451505016,0.205685618729097,0.7224080267558528
return_side|BH|dir=3,0.038135593220338986,0.23940677966101695,0.722457627118644
return_side|DROP_SHOT|dir=1,0.2727272727272727,0.18181818181818182,0.5454545454545454
return_side|DROP_SHOT|dir=2,0.23076923076923078,0.15384615384615385,0.6153846153846154
return_side|DROP_SHOT|dir=3,0.043478260869565216,0.391304347826087,0.5652173913043478
return_side|FH|dir=0,0.0,1.0,0.0
return_side|FH|dir=1,0.05025125628140704,0.33668341708542715,0.6130653266331658
return_side|FH|dir=2,0.04585152838427948,0.2074235807860262,0.7467248908296943
return_side|FH|dir=3,0.021052631578947368,0.24210526315789474,0.7368421052631579
return_side|LOB|dir=1,1.0,0.0,0.0
return_side|LOB|dir=2,0.4166666666666667,0.25,0.3333333333333333
return_side|LOB|dir=3,0.4,0.4,0.2
return_side|OTHER|dir=1,1.0,0.0,0.0
return_side|OTHER|dir=2,0.6666666666666666,0.0,0.3333333333333333
return_side|SERVE|dir=0,0.0,0.75,0.25
return_side|SERVE|dir=4,0.024266936299292215,0.15166835187057634,0.8240647118301314
return_side|SERVE|dir=5,0.018223234624145785,0.20045558086560364,0.7813211845102506
return_side|SERVE|dir=6,0.019744483159117306,0.12311265969802555,0.8571428571428571
return_side|SLICE|dir=1,0.17073170731707318,0.34146341463414637,0.4878048780487805
return_side|SLICE|dir=2,0.21678321678321677,0.22727272727272727,0.5559440559440559
return_side|SLICE|dir=3,0.11851851851851852,0.15555555555555556,0.725925925925926
return_side|SMASH|dir=1,0.0,0.5,0.5
return_side|SMASH|dir=2,0.0,1.0,0.0
return_side|SMASH|dir=3,0.0,1.0,0.0
return_side|VOLLEY|dir=1,0.21428571428571427,0.35714285714285715,0.42857142857142855
return_side|VOLLEY|dir=2,0.19230769230769232,0.23076923076923078,0.5769230769230769
return_side|VOLLEY|dir=3,0.3076923076923077,0.3076923076923077,0.38461538461538464
serve_side|BH|dir=0,0.0,0.5,0.5
serve_side|BH|dir=1,0.10606060606060606,0.25757575757575757,0.6363636363636364
serve_side|BH|dir=2,0.12834224598930483,0.18449197860962566,0.6871657754010695
serve_side|BH|dir=3,0.04807692307692308,0.20673076923076922,0.7451923076923077
serve_side|BOS|dir=0,0.2233632862644416,0.0019255455712451862,0.7747111681643132
serve_side|DROP_SHOT|dir=1,0.3333333333333333,0.16666666666666666,0.5
serve_side|DROP_SHOT|dir=2,0.0,0.0,1.0
serve_side|DROP_SHOT|dir=3,0.14285714285714285,0.2857142857142857,0.5714285714285714
serve_side|FH|dir=1,0.06293706293706294,0.26223776223776224,0.6748251748251748
serve_side|FH|dir=2,0.10776545166402536,0.179080824088748,0.7131537242472267
serve_side|FH|dir=3,0.055776892430278883,0.22709163346613545,0.7171314741035857
serve_side|LOB|dir=1,0.3333333333333333,0.0,0.6666666666666666
serve_side|LOB|dir=2,0.5348837209302325,0.13953488372093023,0.32558139534883723
serve_side|LOB|dir=3,0.5333333333333333,0.2,0.26666666666666666
serve_side|SERVE|dir=4,0.08285163776493257,0.0,0.9171483622350675
serve_side|SERVE|dir=5,0.058823529411764705,0.0,0.9411764705882353
serve_side|SERVE|dir=6,0.05742574257425743,0.0,0.9425742574257425
serve_side|SLICE|dir=1,0.2625,0.2375,0.5
serve_side|SLICE|dir=2,0.28763440860215056,0.1424731182795699,0.5698924731182796
serve_side|SLICE|dir=3,0.11403508771929824,0.20175438596491227,0.6842105263157895
serve_side|SMASH|dir=2,0.0,0.0,1.0
serve_side|VOLLEY|dir=1,0.25,0.75,0.0
serve_side|VOLLEY|dir=2,0.125,0.125,0.75
serve_side|VOLLEY|dir=3,0.5,0.5,0.0
