,win,loss,continue
return_side|BH|dir=1,0.0,0.19148936170212766,0.8085106382978723
return_side|BH|dir=2,0.045454545454545456,0.1590909090909091,0.7954545454545454
return_side|BH|dir=3,0.030927835051546393,0.17525773195876287,0.7938144329896907
return_side|DROP_SHOT|dir=1,0.0,0.5,0.5
return_side|DROP_SHOT|dir=2,0.0,0.0,1.0
return_side|DROP_SHOT|dir=3,0.0,0.5,0.5
return_side|FH|dir=1,0.03546099290780142,0.2978723404255319,0.6666666666666666
return_side|FH|dir=2,0.037037037037037035,0.2037037037037037,0.7592592592592593
return_side|FH|dir=3,0.03867403314917127,0.16022099447513813,0.8011049723756906
return_side|LOB|dir=2,0.1,0.2,0.7
return_side|LOB|dir=3,0.16666666666666666,0.0,0.8333333333333334
return_side|OTHER|dir=2,0.0,0.0,1.0
return_side|SERVE|dir=0,0.0,0.0,1.0
return_side|SERVE|dir=4,0.01809954751131222,0.3031674208144796,0.6787330316742082
return_side|SERVE|dir=5,0.00684931506849315,0.1232876712328767,0.8698630136986302
return_side|SERVE|dir=6,0.010526315789473684,0.18947368421052632,0.8
return_side|SLICE|dir=1,0.13636363636363635,0.13636363636363635,0.7272727272727273
return_side|SLICE|dir=2,0.1388888888888889,0.027777777777777776,0.8333333333333334
return_side|SLICE|dir=3,0.08571428571428572,0.11428571428571428,0.8
return_side|SMASH|dir=1,0.0,0.25,0.75
return_side|SMASH|dir=2,0.0,0.0,1.0
return_side|SMASH|dir=3,0.0,0.6666666666666666,0.3333333333333333
return_side|VOLLEY|dir=1,0.2,0.1,0.7
return_side|VOLLEY|dir=2,0.1,0.4,0.5
return_side|VOLLEY|dir=3,0.0,0.3333333333333333,0.6666666666666666
serve_side|BH|dir=1,0.07142857142857142,0.18571428571428572,0.7428571428571429
serve_side|BH|dir=2,0.07058823529411765,0.2,0.7294117647058823
serve_side|BH|dir=3,0.0891089108910891,0.1485148514851485,0.7623762376237624
serve_side|BOS|dir=0,0.1423487544483986,0.0,0.8576512455516014
serve_side|DROP_SHOT|dir=1,0.0,0.5,0.5
serve_side|DROP_SHOT|dir=3,0.0,0.0,1.0
serve_side|FH|dir=1,0.07777777777777778,0.2777777777777778,0.6444444444444445
serve_side|FH|dir=2,0.05454545454545454,0.17272727272727273,0.7727272727272727
serve_side|FH|dir=3,0.010752688172043012,0.11827956989247312,0.8709677419354839
serve_side|LOB|dir=1,0.6666666666666666,0.0,0.3333333333333333
serve_side|LOB|dir=2,0.7692307692307693,0.0,0.23076923076923078
serve_side|LOB|dir=3,0.6666666666666666,0.0,0.3333333333333333
serve_side|SERVE|dir=4,0.03333333333333333,0.0,0.9666666666666667
serve_side|SERVE|dir=5,0.058823529411764705,0.0,0.9411764705882353
serve_side|SERVE|dir=6,0.0,0.0,1.0
serve_side|SLICE|dir=1,0.08695652173913043,0.2608695652173913,0.6521739130434783
serve_side|SLICE|dir=2,0.13861386138613863,0.13861386138613863,0.7227722772277227
serve_side|SLICE|dir=3,0.20454545454545456,0.1590909090909091,0.6363636363636364
serve_side|SMASH|dir=3,0.0,0.5,0.5
serve_side|VOLLEY|dir=1,0.5,0.5,0.0
serve_side|VOLLEY|dir=2,0.6666666666666666,0.3333333333333333,0.0
serve_side|VOLLEY|dir=3,0.3333333333333333,0.0,0.6666666666666666
