,win,loss,continue
return_side|BH|dir=1,0.025,0.15,0.825
return_side|BH|dir=2,0.0743801652892562,0.14049586776859505,0.7851239669421488
return_side|BH|dir=3,0.05732484076433121,0.12101910828025478,0.821656050955414
return_side|DROP_SHOT|dir=1,0.5,0.0,0.5
return_side|DROP_SHOT|dir=3,0.3333333333333333,0.0,0.6666666666666666
return_side|FH|dir=1,0.03125,0.21428571428571427,0.7544642857142857
return_side|FH|dir=2,0.034013605442176874,0.14285714285714285,0.8231292517006803
return_side|FH|dir=3,0.02786377708978328,0.1826625386996904,0.7894736842105263
return_side|LOB|dir=1,0.0,0.6666666666666666,0.3333333333333333
return_side|LOB|dir=2,0.3333333333333333,0.0,0.6666666666666666
return_side|LOB|dir=3,1.0,0.0,0.0
return_side|SERVE|dir=4,0.0,0.15294117647058825,0.8470588235294118
return_side|SERVE|dir=5,0.0,0.13043478260869565,0.8695652173913043
return_side|SERVE|dir=6,0.0,0.15298507462686567,0.8470149253731343
return_side|SLICE|dir=1,0.14285714285714285,0.14285714285714285,0.7142857142857143
return_side|SLICE|dir=2,0.2222222222222222,0.1111111111111111,0.6666666666666666
return_side|SLICE|dir=3,0.3333333333333333,0.08333333333333333,0.5833333333333334
return_side|SMASH|dir=1,0.0,1.0,0.0
return_side|SMASH|dir=3,0.0,0.0,1.0
return_side|VOLLEY|dir=1,0.2222222222222222,0.4444444444444444,0.3333333333333333
return_side|VOLLEY|dir=3,0.3333333333333333,0.0,0.6666666666666666
serve_side|BH|dir=1,0.06329113924050633,0.11392405063291139,0.8227848101265823
serve_side|BH|dir=2,0.045454545454545456,0.12878787878787878,0.8257575757575758
serve_side|BH|dir=3,0.03985507246376811,0.14130434782608695,0.8188405797101449
serve_side|BOS|dir=0,0.040336134453781515,0.0033613445378151263,0.9563025210084034
serve_side|DROP_SHOT|dir=1,0.0,0.0,1.0
serve_side|DROP_SHOT|dir=2,1.0,0.0,0.0
serve_side|DROP_SHOT|dir=3,0.0,0.0,1.0
serve_side|FH|dir=1,0.03571428571428571,0.2193877551020408,0.7448979591836735
serve_side|FH|dir=2,0.05714285714285714,0.1380952380952381,0.8047619047619048
serve_side|FH|dir=3,0.01568627450980392,0.13333333333333333,0.8509803921568627
serve_side|LOB|dir=1,1.0,0.0,0.0
serve_side|LOB|dir=2,0.42857142857142855,0.14285714285714285,0.42857142857142855
serve_side|LOB|dir=3,0.3333333333333333,0.16666666666666666,0.5
serve_side|SERVE|dir=4,0.010638297872340425,0.0,0.9893617021276596
serve_side|SERVE|dir=5,0.0,0.0,1.0
serve_side|SERVE|dir=6,0.006622516556291391,0.0,0.9933774834437086
serve_side|SLICE|dir=1,0.21428571428571427,0.07142857142857142,0.7142857142857143
serve_side|SLICE|dir=2,0.20689655172413793,0.13793103448275862,0.6551724137931034
serve_side|SLICE|dir=3,0.2631578947368421,0.10526315789473684,0.631578947368421
