,win,loss,continue
return_side|BH|dir=1,0.038461538461538464,0.34615384615384615,0.6153846153846154
return_side|BH|dir=2,0.02127659574468085,0.19148936170212766,0.7872340425531915
return_side|BH|dir=3,0.0364963503649635,0.1678832116788321,0.7956204379562044
return_side|DROP_SHOT|dir=1,0.2857142857142857,0.14285714285714285,0.5714285714285714
return_side|DROP_SHOT|dir=3,0.0,0.0,1.0
return_side|FH|dir=1,0.007633587786259542,0.24427480916030533,0.7480916030534351
return_side|FH|dir=2,0.09090909090909091,0.19480519480519481,0.7142857142857143
return_side|FH|dir=3,0.022857142857142857,0.26285714285714284,0.7142857142857143
return_side|LOB|dir=1,0.0,1.0,0.0
return_side|LOB|dir=2,0.3333333333333333,0.0,0.6666666666666666
return_side|LOB|dir=3,0.3333333333333333,0.0,0.6666666666666666
return_side|OTHER|dir=3,1.0,0.0,0.0
return_side|SERVE|dir=4,0.022935779816513763,0.29357798165137616,0.6834862385321101
return_side|SERVE|dir=5,0.02097902097902098,0.18181818181818182,0.7972027972027972
return_side|SERVE|dir=6,0.017857142857142856,0.30952380952380953,0.6726190476190477
return_side|SLICE|dir=1,0.0,0.16666666666666666,0.8333333333333334
return_side|SLICE|dir=2,0.15384615384615385,0.15384615384615385,0.6923076923076923
return_side|SLICE|dir=3,0.21739130434782608,0.17391304347826086,0.6086956521739131
return_side|SMASH|dir=1,0.0,0.0,1.0
return_side|SMASH|dir=2,0.0,0.0,1.0
return_side|VOLLEY|dir=1,0.25,0.25,0.5
return_side|VOLLEY|dir=2,0.25,0.25,0.5
return_side|VOLLEY|dir=3,0.36363636363636365,0.09090909090909091,0.5454545454545454
serve_side|BH|dir=1,0.175,0.175,0.65
serve_side|BH|dir=2,0.18055555555555555,0.14583333333333334,0.6736111111111112
serve_side|BH|dir=3,0.08536585365853659,0.17073170731707318,0.7439024390243902
serve_side|BOS|dir=0,0.09090909090909091,0.0,0.9090909090909091
serve_side|DROP_SHOT|dir=1,0.0,0.4,0.6
serve_side|DROP_SHOT|dir=2,1.0,0.0,0.0
serve_side|DROP_SHOT|dir=3,0.0,1.0,0.0
serve_side|FH|dir=1,0.05319148936170213,0.19148936170212766,0.7553191489361702
serve_side|FH|dir=2,0.11864406779661017,0.211864406779661,0.6694915254237288
serve_side|FH|dir=3,0.07142857142857142,0.1836734693877551,0.7448979591836735
serve_side|LOB|dir=1,0.0,1.0,0.0
serve_side|LOB|dir=2,0.6875,0.125,0.1875
serve_side|LOB|dir=3,0.7272727272727273,0.09090909090909091,0.18181818181818182
serve_side|SERVE|dir=4,0.007042253521126761,0.0,0.9929577464788732
serve_side|SERVE|dir=5,0.0,0.0,1.0
serve_side|SERVE|dir=6,0.00847457627118644,0.0,0.9915254237288136
serve_side|SLICE|dir=1,0.3076923076923077,0.3076923076923077,0.38461538461538464
serve_side|SLICE|dir=2,0.40816326530612246,0.10204081632653061,0.4897959183673469
serve_side|SLICE|dir=3,0.25806451612903225,0.16129032258064516,0.5806451612903226
serve_side|VOLLEY|dir=1,0.0,1.0,0.0
serve_side|VOLLEY|dir=2,0.0,1.0,0.0
serve_side|VOLLEY|dir=3,0.0,0.3333333333333333,0.6666666666666666
