,win,loss,continue
return_side|BH|dir=0,0.009615384615384616,0.1346153846153846,0.8557692307692307
return_side|BH|dir=1,0.03271028037383177,0.2102803738317757,0.7570093457943925
return_side|BH|dir=2,0.04046858359957402,0.10223642172523961,0.8572949946751863
return_side|BH|dir=3,0.01966626936829559,0.13885578069129917,0.8414779499404053
return_side|DROP_SHOT|dir=0,0.0,0.0,1.0
return_side|DROP_SHOT|dir=1,0.25,0.13636363636363635,0.6136363636363636
return_side|DROP_SHOT|dir=2,0.5,0.125,0.375
return_side|DROP_SHOT|dir=3,0.18604651162790697,0.20930232558139536,0.6046511627906976
return_side|FH|dir=0,0.012578616352201259,0.1761006289308176,0.8113207547169812
return_side|FH|dir=1,0.04083094555873926,0.20773638968481375,0.751432664756447
return_side|FH|dir=2,0.046632124352331605,0.12953367875647667,0.8238341968911918
return_side|FH|dir=3,0.030951297223486572,0.18707328174783797,0.7819754210286755
return_side|LOB|dir=0,1.0,0.0,0.0
return_side|LOB|dir=1,0.42857142857142855,0.0,0.5714285714285714
return_side|LOB|dir=2,0.7083333333333334,0.08333333333333333,0.20833333333333334
return_side|LOB|dir=3,0.35714285714285715,0.14285714285714285,0.5
return_side|OTHER|dir=1,0.0,1.0,0.0
return_side|OTHER|dir=3,0.0,0.0,1.0
return_side|SERVE|dir=0,0.0,0.0,1.0
return_side|SERVE|dir=4,0.020206362854686157,0.19561478933791918,0.7841788478073947
return_side|SERVE|dir=5,0.018410041841004185,0.17489539748953975,0.8066945606694561
return_side|SERVE|dir=6,0.013712047012732615,0.1714005876591577,0.8148873653281097
return_side|SLICE|dir=0,0.1111111111111111,0.1111111111111111,0.7777777777777778
return_side|SLICE|dir=1,0.1297709923664122,0.13740458015267176,0.732824427480916
return_side|SLICE|dir=2,0.19742489270386265,0.13733905579399142,0.6652360515021459
return_side|SLICE|dir=3,0.09158415841584158,0.1485148514851485,0.7599009900990099
return_side|SMASH|dir=0,0.0,0.0,1.0
return_side|SMASH|dir=1,0.0,0.16666666666666666,0.8333333333333334
return_side|SMASH|dir=2,0.0,0.35294117647058826,0.6470588235294118
return_side|SMASH|dir=3,0.0,0.4666666666666667,0.5333333333333333
return_side|VOLLEY|dir=0,0.5,0.25,0.25
return_side|VOLLEY|dir=1,0.25925925925925924,0.28703703703703703,0.4537037037037037
return_side|VOLLEY|dir=2,0.358974358974359,0.1794871794871795,0.46153846153846156
return_side|VOLLEY|dir=3,0.25203252032520324,0.3008130081300813,0.44715447154471544
serve_side|BH|dir=0,0.039603960396039604,0.1188118811881188,0.8415841584158416
serve_side|BH|dir=1,0.07653061224489796,0.20238095238095238,0.7210884353741497
serve_side|BH|dir=2,0.07761194029850746,0.10049751243781095,0.8218905472636816
serve_side|BH|dir=3,0.049244060475161985,0.13477321814254858,0.8159827213822894
serve_side|BOS|dir=0,0.13590888102201015,0.00015391719255040788,0.8639372017854394
serve_side|DROP_SHOT|dir=1,0.3333333333333333,0.14285714285714285,0.5238095238095238
serve_side|DROP_SHOT|dir=2,0.4,0.2,0.4
serve_side|DROP_SHOT|dir=3,0.3,0.15,0.55
serve_side|FH|dir=0,0.041666666666666664,0.10416666666666667,0.8541666666666666
serve_side|FH|dir=1,0.05866900175131348,0.1690017513134851,0.7723292469352014
serve_side|FH|dir=2,0.06771463119709795,0.14389359129383314,0.788391777509069
serve_side|FH|dir=3,0.04944649446494465,0.15350553505535056,0.7970479704797048
serve_side|LOB|dir=0,0.5,0.25,0.25
serve_side|LOB|dir=1,0.5416666666666666,0.16666666666666666,0.2916666666666667
serve_side|LOB|dir=2,0.62,0.09,0.29
serve_side|LOB|dir=3,0.6,0.10909090909090909,0.2909090909090909
serve_side|OTHER|dir=0,0.0,0.0,1.0
serve_side|OTHER|dir=1,1.0,0.0,0.0
serve_side|OTHER|dir=2,0.4,0.0,0.6
serve_side|OTHER|dir=3,0.5,0.0,0.5
serve_side|SERVE|dir=0,0.0,0.0,1.0
serve_side|SERVE|dir=4,0.0168,0.0,0.9832
serve_side|SERVE|dir=5,0.013157894736842105,0.0,0.9868421052631579
serve_side|SERVE|dir=6,0.020560747663551402,0.0,0.9794392523364486
serve_side|SLICE|dir=0,0.25,0.0625,0.6875
serve_side|SLICE|dir=1,0.23195876288659795,0.12371134020618557,0.6443298969072165
serve_side|SLICE|dir=2,0.2755102040816326,0.10932944606413994,0.6151603498542274
serve_side|SLICE|dir=3,0.13577586206896552,0.11637931034482758,0.7478448275862069
serve_side|SMASH|dir=1,0.0,0.5,0.5
serve_side|SMASH|dir=2,0.5,0.0,0.5
serve_side|SMASH|dir=3,0.0,0.5,0.5
serve_side|VOLLEY|dir=0,0.0,0.0,1.0
serve_side|VOLLEY|dir=1,0.19230769230769232,0.2692307692307692,0.5384615384615384
serve_side|VOLLEY|dir=2,0.37037037037037035,0.1111111111111111,0.5185185185185185
serve_side|VOLLEY|dir=3,0.26666666666666666,0.3333333333333333,0.4
