,win,loss,continue
return_side|BH|dir=0,0.0,0.2571428571428571,0.7428571428571429
return_side|BH|dir=1,0.04032258064516129,0.21774193548387097,0.7419354838709677
return_side|BH|dir=2,0.045871559633027525,0.1651376146788991,0.7889908256880734
return_side|BH|dir=3,0.016853932584269662,0.1348314606741573,0.848314606741573
return_side|DROP_SHOT|dir=0,0.16666666666666666,0.3333333333333333,0.5
return_side|DROP_SHOT|dir=1,0.2727272727272727,0.18181818181818182,0.5454545454545454
return_side|DROP_SHOT|dir=2,0.2,0.0,0.8
return_side|DROP_SHOT|dir=3,0.0,0.4166666666666667,0.5833333333333334
return_side|FH|dir=0,0.03076923076923077,0.18461538461538463,0.7846153846153846
return_side|FH|dir=1,0.036619718309859155,0.2563380281690141,0.7070422535211267
return_side|FH|dir=2,0.045662100456621,0.1461187214611872,0.8082191780821918
return_side|FH|dir=3,0.026385224274406333,0.1503957783641161,0.8232189973614775
return_side|LOB|dir=0,0.5,0.0,0.5
return_side|LOB|dir=2,0.8333333333333334,0.0,0.16666666666666666
return_side|LOB|dir=3,0.25,0.0,0.75
return_side|SERVE|dir=4,0.01238390092879257,0.17182662538699692,0.8157894736842105
return_side|SERVE|dir=5,0.02054794520547945,0.1506849315068493,0.8287671232876712
return_side|SERVE|dir=6,0.013011152416356878,0.17472118959107807,0.8122676579925651
return_side|SLICE|dir=0,0.6666666666666666,0.3333333333333333,0.0
return_side|SLICE|dir=1,0.1,0.1,0.8
return_side|SLICE|dir=2,0.17333333333333334,0.14666666666666667,0.68
return_side|SLICE|dir=3,0.08235294117647059,0.12941176470588237,0.788235294117647
return_side|SMASH|dir=0,0.0,0.0,1.0
return_side|SMASH|dir=1,0.0,0.3333333333333333,0.6666666666666666
return_side|SMASH|dir=2,0.0,0.5,0.5
return_side|SMASH|dir=3,0.0,0.6666666666666666,0.3333333333333333
return_side|VOLLEY|dir=0,1.0,0.0,0.0
return_side|VOLLEY|dir=1,0.18181818181818182,0.5,0.3181818181818182
return_side|VOLLEY|dir=2,0.28,0.16,0.56
return_side|VOLLEY|dir=3,0.06896551724137931,0.13793103448275862,0.7931034482758621
serve_side|BH|dir=0,0.02531645569620253,0.1518987341772152,0.8227848101265823
serve_side|BH|dir=1,0.07216494845360824,0.16494845360824742,0.7628865979381443
serve_side|BH|dir=2,0.04360902255639098,0.12030075187969924,0.8360902255639098
serve_side|BH|dir=3,0.019548872180451128,0.12481203007518797,0.8556390977443609
serve_side|BOS|dir=0,0.10168598524762908,0.001053740779768177,0.8972602739726028
serve_side|DROP_SHOT|dir=0,0.0,0.0,1.0
serve_side|DROP_SHOT|dir=1,0.3,0.3,0.4
serve_side|DROP_SHOT|dir=2,0.0,0.3333333333333333,0.6666666666666666
serve_side|DROP_SHOT|dir=3,0.15384615384615385,0.3076923076923077,0.5384615384615384
serve_side|FH|dir=0,0.05555555555555555,0.1111111111111111,0.8333333333333334
serve_side|FH|dir=1,0.03296703296703297,0.20054945054945056,0.7664835164835165
serve_side|FH|dir=2,0.05730129390018484,0.11460258780036968,0.8280961182994455
serve_side|FH|dir=3,0.030952380952380953,0.1261904761904762,0.8428571428571429
serve_side|LOB|dir=0,0.6666666666666666,0.0,0.3333333333333333
serve_side|LOB|dir=1,0.2857142857142857,0.0,0.7142857142857143
serve_side|LOB|dir=2,0.5,0.0,0.5
serve_side|LOB|dir=3,0.4444444444444444,0.2222222222222222,0.3333333333333333
serve_side|OTHER|dir=0,0.0,0.0,1.0
serve_side|OTHER|dir=2,1.0,0.0,0.0
serve_side|OTHER|dir=3,0.0,0.0,1.0
serve_side|SERVE|dir=0,0.0,0.0,1.0
serve_side|SERVE|dir=4,0.0234375,0.0,0.9765625
serve_side|SERVE|dir=5,0.0,0.0,1.0
serve_side|SERVE|dir=6,0.008264462809917356,0.0,0.9917355371900827
serve_side|SLICE|dir=0,0.16923076923076924,0.1076923076923077,0.7230769230769231
serve_side|SLICE|dir=1,0.2222222222222222,0.08333333333333333,0.6944444444444444
serve_side|SLICE|dir=2,0.16033755274261605,0.1350210970464135,0.7046413502109705
serve_side|SLICE|dir=3,0.0931174089068826,0.10931174089068826,0.7975708502024291
serve_side|SMASH|dir=2,1.0,0.0,0.0
serve_side|SMASH|dir=3,0.0,0.0,1.0
serve_side|VOLLEY|dir=0,0.5,0.0,0.5
serve_side|VOLLEY|dir=1,0.16666666666666666,0.25,0.5833333333333334
serve_side|VOLLEY|dir=2,0.29411764705882354,0.11764705882352941,0.5882352941176471
serve_side|VOLLEY|dir=3,0.1111111111111111,0.2222222222222222,0.6666666666666666
