,win,loss,continue
return_side|BH|dir=0,0.0425531914893617,0.10638297872340426,0.851063829787234
return_side|BH|dir=1,0.031879194630872486,0.16946308724832215,0.7986577181208053
return_side|BH|dir=2,0.052722558340535866,0.11581676750216076,0.8314606741573034
return_side|BH|dir=3,0.03105095541401274,0.10549363057324841,0.8634554140127388
return_side|DROP_SHOT|dir=0,0.38461538461538464,0.15384615384615385,0.46153846153846156
return_side|DROP_SHOT|dir=1,0.2692307692307692,0.22115384615384615,0.5096153846153846
return_side|DROP_SHOT|dir=2,0.18181818181818182,0.13636363636363635,0.6818181818181818
return_side|DROP_SHOT|dir=3,0.16666666666666666,0.15942028985507245,0.6739130434782609
return_side|FH|dir=0,0.03225806451612903,0.1532258064516129,0.8145161290322581
return_side|FH|dir=1,0.0255125284738041,0.18861047835990888,0.785876993166287
return_side|FH|dir=2,0.03959208158368326,0.10377924415116976,0.856628674265147
return_side|FH|dir=3,0.02757527733755943,0.14263074484944532,0.8297939778129952
return_side|LOB|dir=0,0.75,0.125,0.125
return_side|LOB|dir=1,0.5789473684210527,0.15789473684210525,0.2631578947368421
return_side|LOB|dir=2,0.4634146341463415,0.14634146341463414,0.3902439024390244
return_side|LOB|dir=3,0.3488372093023256,0.06976744186046512,0.5813953488372093
return_side|OTHER|dir=0,0.0,1.0,0.0
return_side|OTHER|dir=2,0.5,0.0,0.5
return_side|SERVE|dir=0,0.0,0.125,0.875
return_side|SERVE|dir=4,0.01819438046982957,0.16743436204514048,0.8143712574850299
return_side|SERVE|dir=5,0.01694915254237288,0.12590799031476999,0.8571428571428571
return_side|SERVE|dir=6,0.006418485237483954,0.14377406931964057,0.8498074454428755
return_side|SLICE|dir=0,0.29411764705882354,0.17647058823529413,0.5294117647058824
return_side|SLICE|dir=1,0.25510204081632654,0.14285714285714285,0.6020408163265306
return_side|SLICE|dir=2,0.2637795275590551,0.09055118110236221,0.6456692913385826
return_side|SLICE|dir=3,0.11564625850340136,0.13945578231292516,0.7448979591836735
return_side|SMASH|dir=0,0.0,0.4,0.6
return_side|SMASH|dir=1,0.043478260869565216,0.34782608695652173,0.6086956521739131
return_side|SMASH|dir=2,0.06756756756756757,0.22972972972972974,0.7027027027027027
return_side|SMASH|dir=3,0.0,0.22807017543859648,0.7719298245614035
return_side|VOLLEY|dir=0,0.07692307692307693,0.07692307692307693,0.8461538461538461
return_side|VOLLEY|dir=1,0.25510204081632654,0.23979591836734693,0.5051020408163265
return_side|VOLLEY|dir=2,0.3360655737704918,0.19672131147540983,0.4672131147540984
return_side|VOLLEY|dir=3,0.17567567567567569,0.22072072072072071,0.6036036036036037
serve_side|BH|dir=0,0.041935483870967745,0.11290322580645161,0.8451612903225807
serve_side|BH|dir=1,0.08932714617169374,0.1519721577726218,0.7587006960556845
serve_side|BH|dir=2,0.08035466888334719,0.10446106954835134,0.8151842615683015
serve_side|BH|dir=3,0.04630321135175504,0.11526014438635798,0.838436644261887
serve_side|BOS|dir=0,0.10471935213627478,0.00037233547426231036,0.8949083123894629
serve_side|DROP_SHOT|dir=0,1.0,0.0,0.0
serve_side|DROP_SHOT|dir=1,0.20634920634920634,0.25396825396825395,0.5396825396825397
serve_side|DROP_SHOT|dir=2,0.07142857142857142,0.14285714285714285,0.7857142857142857
serve_side|DROP_SHOT|dir=3,0.14666666666666667,0.2,0.6533333333333333
serve_side|FH|dir=0,0.06481481481481481,0.1527777777777778,0.7824074074074074
serve_side|FH|dir=1,0.05231607629427793,0.17329700272479565,0.7743869209809264
serve_side|FH|dir=2,0.08270392749244714,0.11140483383685801,0.8058912386706949
serve_side|FH|dir=3,0.03564638783269962,0.11834600760456274,0.8460076045627376
serve_side|LOB|dir=0,0.3333333333333333,0.3333333333333333,0.3333333333333333
serve_side|LOB|dir=1,0.4186046511627907,0.13953488372093023,0.4418604651162791
serve_side|LOB|dir=2,0.5061728395061729,0.07407407407407407,0.41975308641975306
serve_side|LOB|dir=3,0.5057471264367817,0.14942528735632185,0.3448275862068966
serve_side|OTHER|dir=0,0.3333333333333333,0.0,0.6666666666666666
serve_side|OTHER|dir=1,0.0,0.0,1.0
serve_side|OTHER|dir=2,0.625,0.0,0.375
serve_side|SERVE|dir=4,0.018546365914786967,0.0,0.981453634085213
serve_side|SERVE|dir=5,0.004608294930875576,0.0,0.9953917050691244
serve_side|SERVE|dir=6,0.02046204620462046,0.0,0.9795379537953796
serve_side|SLICE|dir=0,0.2962962962962963,0.07407407407407407,0.6296296296296297
serve_side|SLICE|dir=1,0.21818181818181817,0.18636363636363637,0.5954545454545455
serve_side|SLICE|dir=2,0.2623115577889447,0.09949748743718594,0.6381909547738693
serve_side|SLICE|dir=3,0.1649928263988522,0.11764705882352941,0.7173601147776184
serve_side|SMASH|dir=0,0.0,0.0,1.0
serve_side|SMASH|dir=1,0.1875,0.3125,0.5
serve_side|SMASH|dir=2,0.15,0.2,0.65
serve_side|SMASH|dir=3,0.0,0.46153846153846156,0.5384615384615384
serve_side|VOLLEY|dir=0,0.5,0.16666666666666666,0.3333333333333333
serve_side|VOLLEY|dir=1,0.3488372093023256,0.2558139534883721,0.3953488372093023
serve_side|VOLLEY|dir=2,0.2631578947368421,0.13157894736842105,0.6052631578947368
serve_side|VOLLEY|dir=3,0.22807017543859648,0.15789473684210525,0.6140350877192983
