,win,loss,continue
return_side|BH|dir=0,0.0,0.19230769230769232,0.8076923076923077
return_side|BH|dir=1,0.05106382978723404,0.2,0.7489361702127659
return_side|BH|dir=2,0.07156308851224105,0.1657250470809793,0.7627118644067796
return_side|BH|dir=3,0.03361344537815126,0.18907563025210083,0.7773109243697479
return_side|DROP_SHOT|dir=0,0.0,0.0,1.0
return_side|DROP_SHOT|dir=1,0.16326530612244897,0.42857142857142855,0.40816326530612246
return_side|DROP_SHOT|dir=2,0.125,0.25,0.625
return_side|DROP_SHOT|dir=3,0.14516129032258066,0.3870967741935484,0.46774193548387094
return_side|FH|dir=0,0.031578947368421054,0.18947368421052632,0.7789473684210526
return_side|FH|dir=1,0.046908315565031986,0.31982942430703626,0.6332622601279317
return_side|FH|dir=2,0.06060606060606061,0.1584022038567493,0.78099173553719
return_side|FH|dir=3,0.021164021164021163,0.20105820105820105,0.7777777777777778
return_side|LOB|dir=1,0.75,0.0,0.25
return_side|LOB|dir=2,0.4583333333333333,0.20833333333333334,0.3333333333333333
return_side|LOB|dir=3,0.8,0.2,0.0
return_side|OTHER|dir=1,0.5,0.0,0.5
return_side|OTHER|dir=2,1.0,0.0,0.0
return_side|SERVE|dir=4,0.013266998341625208,0.23880597014925373,0.7479270315091211
return_side|SERVE|dir=5,0.007462686567164179,0.1513859275053305,0.8411513859275054
return_side|SERVE|dir=6,0.003205128205128205,0.1955128205128205,0.8012820512820513
return_side|SLICE|dir=0,0.16666666666666666,0.3333333333333333,0.5
return_side|SLICE|dir=1,0.1518987341772152,0.189873417721519,0.6582278481012658
return_side|SLICE|dir=2,0.23076923076923078,0.15384615384615385,0.6153846153846154
return_side|SLICE|dir=3,0.09649122807017543,0.2236842105263158,0.6798245614035088
return_side|SMASH|dir=1,0.0625,0.5,0.4375
return_side|SMASH|dir=2,0.0,0.4166666666666667,0.5833333333333334
return_side|SMASH|dir=3,0.06666666666666667,0.3333333333333333,0.6
return_side|VOLLEY|dir=0,0.5555555555555556,0.0,0.4444444444444444
return_side|VOLLEY|dir=1,0.25806451612903225,0.532258064516129,0.20967741935483872
return_side|VOLLEY|dir=2,0.2564102564102564,0.4358974358974359,0.3076923076923077
return_side|VOLLEY|dir=3,0.16981132075471697,0.32075471698113206,0.5094339622641509
serve_side|BH|dir=0,0.05185185185185185,0.14074074074074075,0.8074074074074075
serve_side|BH|dir=1,0.1520912547528517,0.24334600760456274,0.6045627376425855
serve_side|BH|dir=2,0.11949685534591195,0.15813117699910154,0.7223719676549866
serve_side|BH|dir=3,0.06339814032121724,0.19019442096365174,0.746407438715131
serve_side|BOS|dir=0,0.17017095696600512,0.00019650225977598743,0.8296325407742189
serve_side|DROP_SHOT|dir=0,1.0,0.0,0.0
serve_side|DROP_SHOT|dir=1,0.15789473684210525,0.3157894736842105,0.5263157894736842
serve_side|DROP_SHOT|dir=2,0.0,0.25,0.75
serve_side|DROP_SHOT|dir=3,0.07142857142857142,0.14285714285714285,0.7857142857142857
serve_side|FH|dir=0,0.04081632653061224,0.17346938775510204,0.7857142857142857
serve_side|FH|dir=1,0.08978328173374613,0.23219814241486067,0.6780185758513931
serve_side|FH|dir=2,0.09014869888475836,0.16263940520446096,0.7472118959107806
serve_side|FH|dir=3,0.039119804400977995,0.18092909535452323,0.7799511002444988
serve_side|LOB|dir=0,1.0,0.0,0.0
serve_side|LOB|dir=1,0.6956521739130435,0.043478260869565216,0.2608695652173913
serve_side|LOB|dir=2,0.5873015873015873,0.1111111111111111,0.30158730158730157
serve_side|LOB|dir=3,0.55,0.15,0.3
serve_side|OTHER|dir=1,0.0,0.0,1.0
serve_side|OTHER|dir=2,0.3333333333333333,0.3333333333333333,0.3333333333333333
serve_side|SERVE|dir=0,0.0,0.0,1.0
serve_side|SERVE|dir=4,0.01927710843373494,0.0,0.980722891566265
serve_side|SERVE|dir=5,0.0,0.0,1.0
serve_side|SERVE|dir=6,0.023952095808383235,0.0,0.9760479041916168
serve_side|SLICE|dir=0,0.18181818181818182,0.22727272727272727,0.5909090909090909
serve_side|SLICE|dir=1,0.2893081761006289,0.16981132075471697,0.5408805031446541
serve_side|SLICE|dir=2,0.2366288492706645,0.1312803889789303,0.6320907617504052
serve_side|SLICE|dir=3,0.13317757009345793,0.20093457943925233,0.6658878504672897
serve_side|SMASH|dir=1,0.0,1.0,0.0
serve_side|SMASH|dir=2,0.0,0.3333333333333333,0.6666666666666666
serve_side|SMASH|dir=3,0.0,0.0,1.0
serve_side|VOLLEY|dir=1,0.2727272727272727,0.36363636363636365,0.36363636363636365
serve_side|VOLLEY|dir=2,0.5,0.25,0.25
serve_side|VOLLEY|dir=3,0.07692307692307693,0.38461538461538464,0.5384615384615384
