,win,loss,continue
return_side|BH|dir=1,0.030973451327433628,0.16371681415929204,0.8053097345132744
return_side|BH|dir=2,0.06753246753246753,0.1012987012987013,0.8311688311688312
return_side|BH|dir=3,0.05128205128205128,0.2358974358974359,0.7128205128205128
return_side|DROP_SHOT|dir=1,0.2222222222222222,0.16666666666666666,0.6111111111111112
return_side|DROP_SHOT|dir=2,0.0,0.0,1.0
return_side|DROP_SHOT|dir=3,0.13333333333333333,0.4666666666666667,0.4
return_side|FH|dir=1,0.03322784810126582,0.21044303797468356,0.7563291139240507
return_side|FH|dir=2,0.0475,0.1125,0.84
return_side|FH|dir=3,0.052132701421800945,0.24407582938388625,0.7037914691943128
return_side|LOB|dir=1,0.5714285714285714,0.14285714285714285,0.2857142857142857
return_side|LOB|dir=2,0.5714285714285714,0.14285714285714285,0.2857142857142857
return_side|LOB|dir=3,0.0,0.0,1.0
return_side|OTHER|dir=1,0.0,1.0,0.0
return_side|OTHER|dir=2,0.5,0.5,0.0
return_side|SERVE|dir=0,0.0,0.0,1.0
return_side|SERVE|dir=4,0.039149888143176735,0.18008948545861297,0.7807606263982103
return_side|SERVE|dir=5,0.020887728459530026,0.15404699738903394,0.825065274151436
return_side|SERVE|dir=6,0.021413276231263382,0.16274089935760172,0.815845824411135
return_side|SLICE|dir=1,0.1015625,0.125,0.7734375
return_side|SLICE|dir=2,0.1388888888888889,0.1574074074074074,0.7037037037037037
return_side|SLICE|dir=3,0.16216216216216217,0.17567567567567569,0.6621621621621622
return_side|SMASH|dir=1,0.0,0.3333333333333333,0.6666666666666666
return_side|SMASH|dir=2,0.0,0.0,1.0
return_side|SMASH|dir=3,0.0,0.375,0.625
return_side|VOLLEY|dir=1,0.14285714285714285,0.3333333333333333,0.5238095238095238
return_side|VOLLEY|dir=2,0.4,0.13333333333333333,0.4666666666666667
return_side|VOLLEY|dir=3,0.17647058823529413,0.5294117647058824,0.29411764705882354
serve_side|BH|dir=1,0.061170212765957445,0.14095744680851063,0.7978723404255319
serve_side|BH|dir=2,0.07692307692307693,0.1465587044534413,0.7765182186234818
serve_side|BH|dir=3,0.047619047619047616,0.18898809523809523,0.7633928571428571
serve_side|BOS|dir=0,0.18551746235181032,0.0003204101249599487,0.8141621275232297
serve_side|DROP_SHOT|dir=1,0.14285714285714285,0.21428571428571427,0.6428571428571429
serve_side|DROP_SHOT|dir=2,0.3333333333333333,0.0,0.6666666666666666
serve_side|DROP_SHOT|dir=3,0.3333333333333333,0.3333333333333333,0.3333333333333333
serve_side|FH|dir=1,0.06005586592178771,0.18156424581005587,0.7583798882681564
serve_side|FH|dir=2,0.06677265500794913,0.13195548489666137,0.8012718600953895
serve_side|FH|dir=3,0.06927710843373494,0.2469879518072289,0.6837349397590361
serve_side|LOB|dir=1,0.4,0.13333333333333333,0.4666666666666667
serve_side|LOB|dir=2,0.21052631578947367,0.15789473684210525,0.631578947368421
serve_side|LOB|dir=3,0.42857142857142855,0.2857142857142857,0.2857142857142857
serve_side|OTHER|dir=2,0.5,0.0,0.5
serve_side|SERVE|dir=4,0.043782837127845885,0.0,0.9562171628721541
serve_side|SERVE|dir=5,0.08823529411764706,0.0,0.9117647058823529
serve_side|SERVE|dir=6,0.025390625,0.0,0.974609375
serve_side|SLICE|dir=1,0.09328358208955224,0.16044776119402984,0.746268656716418
serve_side|SLICE|dir=2,0.2188006482982172,0.11831442463533225,0.6628849270664505
serve_side|SLICE|dir=3,0.15476190476190477,0.1488095238095238,0.6964285714285714
serve_side|SMASH|dir=1,0.0,0.0,1.0
serve_side|SMASH|dir=2,0.0,1.0,0.0
serve_side|SMASH|dir=3,0.0,1.0,0.0
serve_side|VOLLEY|dir=1,0.14285714285714285,0.14285714285714285,0.7142857142857143
serve_side|VOLLEY|dir=2,0.1,0.3,0.6
serve_side|VOLLEY|dir=3,0.16666666666666666,0.16666666666666666,0.6666666666666666
