,win,loss,continue
return_side|BH|dir=1,0.06629834254143646,0.19889502762430938,0.7348066298342542
return_side|BH|dir=2,0.06502242152466367,0.14573991031390135,0.7892376681614349
return_side|BH|dir=3,0.026365348399246705,0.1958568738229755,0.7777777777777778
return_side|DROP_SHOT|dir=1,0.15789473684210525,0.3684210526315789,0.47368421052631576
return_side|DROP_SHOT|dir=2,0.0,0.3333333333333333,0.6666666666666666
return_side|DROP_SHOT|dir=3,0.12,0.28,0.6
return_side|FH|dir=1,0.03566333808844508,0.2582025677603424,0.7061340941512125
return_side|FH|dir=2,0.05066079295154185,0.1762114537444934,0.7731277533039648
return_side|FH|dir=3,0.031788079470198675,0.2119205298013245,0.7562913907284768
return_side|LOB|dir=1,0.42857142857142855,0.14285714285714285,0.42857142857142855
return_side|LOB|dir=2,0.14285714285714285,0.2857142857142857,0.5714285714285714
return_side|LOB|dir=3,0.4,0.0,0.6
return_side|OTHER|dir=3,0.0,0.0,1.0
return_side|SERVE|dir=4,0.024390243902439025,0.2140921409214092,0.7615176151761518
return_side|SERVE|dir=5,0.01694915254237288,0.15677966101694915,0.826271186440678
return_side|SERVE|dir=6,0.013979496738117428,0.17614165890027958,0.809878844361603
return_side|SLICE|dir=1,0.19230769230769232,0.11538461538461539,0.6923076923076923
return_side|SLICE|dir=2,0.19047619047619047,0.2222222222222222,0.5873015873015873
return_side|SLICE|dir=3,0.12413793103448276,0.12413793103448276,0.7517241379310344
return_side|SMASH|dir=1,0.0,0.6,0.4
return_side|SMASH|dir=2,0.0,0.2,0.8
return_side|SMASH|dir=3,0.0,0.0,1.0
return_side|VOLLEY|dir=1,0.26666666666666666,0.4,0.3333333333333333
return_side|VOLLEY|dir=2,0.2916666666666667,0.20833333333333334,0.5
return_side|VOLLEY|dir=3,0.42424242424242425,0.21212121212121213,0.36363636363636365
serve_side|BH|dir=1,0.0847457627118644,0.2305084745762712,0.6847457627118644
serve_side|BH|dir=2,0.11258278145695365,0.17786187322611163,0.7095553453169348
serve_side|BH|dir=3,0.056532663316582916,0.18467336683417085,0.7587939698492462
serve_side|BOS|dir=0,0.17057686999723987,0.0,0.8294231300027601
serve_side|DROP_SHOT|dir=0,0.0,0.0,1.0
serve_side|DROP_SHOT|dir=1,0.3333333333333333,0.16666666666666666,0.5
serve_side|DROP_SHOT|dir=3,0.18181818181818182,0.2727272727272727,0.5454545454545454
serve_side|FH|dir=1,0.06365159128978225,0.21273031825795644,0.7236180904522613
serve_side|FH|dir=2,0.0776495278069255,0.17523609653725078,0.7471143756558237
serve_side|FH|dir=3,0.04318936877076412,0.16943521594684385,0.7873754152823921
serve_side|LOB|dir=1,0.8333333333333334,0.0,0.16666666666666666
serve_side|LOB|dir=2,0.46511627906976744,0.06976744186046512,0.46511627906976744
serve_side|LOB|dir=3,0.47368421052631576,0.05263157894736842,0.47368421052631576
serve_side|OTHER|dir=2,0.0,1.0,0.0
serve_side|SERVE|dir=0,0.0,0.0,1.0
serve_side|SERVE|dir=4,0.059880239520958084,0.0,0.9401197604790419
serve_side|SERVE|dir=5,0.043010752688172046,0.0,0.956989247311828
serve_side|SERVE|dir=6,0.03442340791738382,0.0,0.9655765920826161
serve_side|SLICE|dir=1,0.3076923076923077,0.11965811965811966,0.5726495726495726
serve_side|SLICE|dir=2,0.26141078838174275,0.13900414937759337,0.5995850622406639
serve_side|SLICE|dir=3,0.16483516483516483,0.1391941391941392,0.6959706959706959
serve_side|SMASH|dir=1,0.0,0.0,1.0
serve_side|SMASH|dir=2,0.0,0.3333333333333333,0.6666666666666666
serve_side|SMASH|dir=3,0.0,0.3333333333333333,0.6666666666666666
serve_side|VOLLEY|dir=1,0.2857142857142857,0.2857142857142857,0.42857142857142855
serve_side|VOLLEY|dir=2,0.36363636363636365,0.2727272727272727,0.36363636363636365
serve_side|VOLLEY|dir=3,0.1,0.3,0.6
