,win,loss,continue
return_side|BH|dir=1,0.017857142857142856,0.17857142857142858,0.8035714285714286
return_side|BH|dir=2,0.07228915662650602,0.14457831325301204,0.7831325301204819
return_side|BH|dir=3,0.017857142857142856,0.15476190476190477,0.8273809523809523
return_side|DROP_SHOT|dir=1,0.2,0.2,0.6
return_side|DROP_SHOT|dir=2,0.0,0.0,1.0
return_side|DROP_SHOT|dir=3,0.13333333333333333,0.3333333333333333,0.5333333333333333
return_side|FH|dir=1,0.03508771929824561,0.19649122807017544,0.7684210526315789
return_side|FH|dir=2,0.013986013986013986,0.11188811188811189,0.8741258741258742
return_side|FH|dir=3,0.027855153203342618,0.15877437325905291,0.8133704735376045
return_side|LOB|dir=1,0.0,0.0,1.0
return_side|LOB|dir=2,0.5,0.0,0.5
return_side|OTHER|dir=2,0.0,0.0,1.0
return_side|SERVE|dir=4,0.0026246719160104987,0.2230971128608924,0.7742782152230971
return_side|SERVE|dir=5,0.009259259259259259,0.16203703703703703,0.8287037037037037
return_side|SERVE|dir=6,0.01238390092879257,0.24458204334365324,0.7430340557275542
return_side|SLICE|dir=1,0.043478260869565216,0.17391304347826086,0.782608695652174
return_side|SLICE|dir=2,0.16666666666666666,0.08333333333333333,0.75
return_side|SLICE|dir=3,0.21428571428571427,0.11904761904761904,0.6666666666666666
return_side|SMASH|dir=1,0.0,0.5,0.5
return_side|SMASH|dir=2,0.0,0.5,0.5
return_side|SMASH|dir=3,0.0,0.0,1.0
return_side|VOLLEY|dir=1,0.19230769230769232,0.46153846153846156,0.34615384615384615
return_side|VOLLEY|dir=2,0.5,0.25,0.25
return_side|VOLLEY|dir=3,0.2,0.13333333333333333,0.6666666666666666
serve_side|BH|dir=1,0.18292682926829268,0.13414634146341464,0.6829268292682927
serve_side|BH|dir=2,0.04126984126984127,0.11746031746031746,0.8412698412698413
serve_side|BH|dir=3,0.05961538461538462,0.1596153846153846,0.7807692307692308
serve_side|BOS|dir=0,0.08312958435207823,0.0,0.9168704156479217
serve_side|DROP_SHOT|dir=1,0.4,0.2,0.4
serve_side|DROP_SHOT|dir=3,0.16666666666666666,0.3333333333333333,0.5
serve_side|FH|dir=1,0.05714285714285714,0.23174603174603176,0.7111111111111111
serve_side|FH|dir=2,0.07941176470588235,0.1323529411764706,0.788235294117647
serve_side|FH|dir=3,0.02074688796680498,0.17427385892116182,0.8049792531120332
serve_side|LOB|dir=1,0.6,0.2,0.2
serve_side|LOB|dir=2,0.6363636363636364,0.045454545454545456,0.3181818181818182
serve_side|LOB|dir=3,0.6153846153846154,0.07692307692307693,0.3076923076923077
serve_side|SERVE|dir=4,0.0,0.0,1.0
serve_side|SERVE|dir=5,0.0,0.0,1.0
serve_side|SERVE|dir=6,0.0,0.0,1.0
serve_side|SLICE|dir=1,0.1,0.16666666666666666,0.7333333333333333
serve_side|SLICE|dir=2,0.27722772277227725,0.12871287128712872,0.594059405940594
serve_side|SLICE|dir=3,0.125,0.20454545454545456,0.6704545454545454
serve_side|SMASH|dir=2,0.0,0.0,1.0
serve_side|SMASH|dir=3,0.0,1.0,0.0
serve_side|VOLLEY|dir=1,0.16666666666666666,0.6666666666666666,0.16666666666666666
serve_side|VOLLEY|dir=2,0.3333333333333333,0.0,0.6666666666666666
serve_side|VOLLEY|dir=3,0.375,0.375,0.25
